"AXP.Adjusted" "BA.Adjusted" "CAT.Adjusted" "CSCO.Adjusted" "CVX.Adjusted" "DD.Adjusted" "DIS.Adjusted" "GE.Adjusted" "GS.Adjusted" "HD.Adjusted" "IBM.Adjusted" "INTC.Adjusted" "JNJ.Adjusted" "JPM.Adjusted" "KO.Adjusted" "MCD.Adjusted" "MMM.Adjusted" "MRK.Adjusted" "MSFT.Adjusted" "NKE.Adjusted" "PFE.Adjusted" "PG.Adjusted" "T.Adjusted" "TRV.Adjusted" "UNH.Adjusted" "UTX.Adjusted" "VZ.Adjusted" "WMT.Adjusted" "XOM.Adjusted"
"AXP.Adjusted" 1 0.550064385320519 0.639080678254161 0.654761361229139 0.500240210356439 0.645219707806644 0.666604672875226 0.660623569862463 0.68755929989488 0.646942333066025 0.557847834472888 0.60914692296442 0.437348674401398 0.739780501492242 0.402897949124738 0.510432612556222 0.629297897863495 0.43911941264734 0.551911471057385 0.595137909947577 0.529428801050797 0.490313763386945 0.526472675197108 0.636330617813084 0.383258949338674 0.607102249413226 0.54662643807518 0.44128162291264 0.493195841323263
"BA.Adjusted" 0.550064385320519 1 0.595188338709647 0.567974494808001 0.541765201364857 0.581951019215688 0.602502968271137 0.554825862052707 0.463722749535577 0.501304920925552 0.495714695693172 0.480707284313446 0.445370858775056 0.454688911158715 0.402609985143297 0.527337254905982 0.587542572290053 0.406455827361028 0.494950647905623 0.540197509247144 0.464017701048673 0.475610790420295 0.485591966139827 0.452699939500157 0.379408874710866 0.693620322421147 0.463989252208056 0.360971881993445 0.541857912499324
"CAT.Adjusted" 0.639080678254161 0.595188338709647 1 0.657758963035883 0.626770875845348 0.7085882821649 0.667017307402491 0.628553674332881 0.534040838882976 0.57465140495345 0.586654069133621 0.597221274602027 0.421878090863301 0.543065499323197 0.418667296544608 0.474153298014893 0.668419341975021 0.387077005631796 0.526048412082013 0.548260351946494 0.484991316938916 0.457159815374396 0.496108632949758 0.493132620075608 0.368325607482749 0.653163260031713 0.470139127153908 0.419571237082666 0.602802951102564
"CSCO.Adjusted" 0.654761361229139 0.567974494808001 0.657758963035883 1 0.605288864978079 0.7105033445592 0.71329373024423 0.575513149909384 0.594887141864529 0.623334371171932 0.683154020137652 0.743834058303424 0.495703220907233 0.597838155169459 0.496800804977085 0.533870126893693 0.678899567688895 0.458708760631446 0.698381912124821 0.592193682159763 0.527353409042812 0.531966948457153 0.596736537550643 0.55544333920856 0.393454939136767 0.681951809551275 0.595306379166545 0.458381834948574 0.602625116867942
"CVX.Adjusted" 0.500240210356439 0.541765201364857 0.626770875845348 0.605288864978079 1 0.644048006758316 0.605468886671809 0.520906633171806 0.440151758347071 0.434224312224281 0.556072998604208 0.504240100345804 0.423163749894937 0.461698711680921 0.402171726419236 0.468651101319864 0.571914549496438 0.446663724912125 0.5205618950119 0.44513903273097 0.516660876872381 0.4908267498864 0.508692573582344 0.480174770288345 0.381938724086946 0.593263871228994 0.481015457079394 0.36986362541216 0.864751878914599
"DD.Adjusted" 0.645219707806644 0.581951019215688 0.7085882821649 0.7105033445592 0.644048006758316 1 0.687682826462268 0.618242519704348 0.573542132483845 0.62935988990389 0.62415671592369 0.634970336251931 0.466097066654369 0.589169317048288 0.478334134152583 0.545584218233651 0.693187487686074 0.454134531068361 0.549288121311132 0.597773017310661 0.559631020368022 0.569713240959601 0.567139835542629 0.57203643175301 0.389437526865557 0.680911172950734 0.542389501624291 0.446973864170914 0.635884814472553
"DIS.Adjusted" 0.666604672875226 0.602502968271137 0.667017307402491 0.71329373024423 0.605468886671809 0.687682826462268 1 0.624392621738612 0.572193049136996 0.662009072276234 0.637188448003618 0.612281603254297 0.540060685394755 0.604104602505698 0.51184004647712 0.592051261540391 0.688602623646592 0.518008156673694 0.592606643403561 0.627788783801205 0.567917196621839 0.586575157419927 0.538041669789194 0.562732450533591 0.445839537759866 0.713332469426467 0.539277219943281 0.458464411109798 0.585564407115667
"GE.Adjusted" 0.660623569862463 0.554825862052707 0.628553674332881 0.575513149909384 0.520906633171806 0.618242519704348 0.624392621738612 1 0.535264637768945 0.597416323486016 0.53439644726781 0.574164752297769 0.486814534889519 0.648907677336111 0.404608636466376 0.481959470781166 0.679428550158138 0.434449862904025 0.449341522736631 0.519352164299774 0.487655572841492 0.491652951756534 0.503649612252328 0.552616357356602 0.394451198364431 0.636323794644967 0.506685582264292 0.412502910039075 0.515761670851124
"GS.Adjusted" 0.68755929989488 0.463722749535577 0.534040838882976 0.594887141864529 0.440151758347071 0.573542132483845 0.572193049136996 0.535264637768945 1 0.585777360903763 0.51942299477051 0.510328050501826 0.405105132422453 0.731423750981795 0.344272059207697 0.410305193210144 0.532134076705842 0.365335921418962 0.457208601775895 0.523635301587449 0.481842592960103 0.404788706488635 0.515340678795422 0.569907895670146 0.371706637630842 0.529625532081877 0.463257962530948 0.396838755156824 0.400103296046296
"HD.Adjusted" 0.646942333066025 0.501304920925552 0.57465140495345 0.623334371171932 0.434224312224281 0.62935988990389 0.662009072276234 0.597416323486016 0.585777360903763 1 0.590659869899717 0.592669767730405 0.457850661817566 0.629604433008828 0.451651143430848 0.551569271276871 0.61982336105047 0.429104950363781 0.50951010313431 0.617470799360803 0.470986721068841 0.493408756779333 0.549696208849611 0.541288117501084 0.423383744279746 0.598432337735628 0.537882910436413 0.551547988369737 0.422222459305983
"IBM.Adjusted" 0.557847834472888 0.495714695693172 0.586654069133621 0.683154020137652 0.556072998604208 0.62415671592369 0.637188448003618 0.53439644726781 0.51942299477051 0.590659869899717 1 0.620474371781645 0.499045818865034 0.54684471273629 0.453883507132455 0.500061543427159 0.597854566462576 0.408791496308956 0.582609970161039 0.567615460569034 0.473366629720017 0.516375583361584 0.569022978196257 0.555429569860364 0.336088546871235 0.587038012678627 0.53361709797939 0.50667949962728 0.532306895285802
"INTC.Adjusted" 0.60914692296442 0.480707284313446 0.597221274602027 0.743834058303424 0.504240100345804 0.634970336251931 0.612281603254297 0.574164752297769 0.510328050501826 0.592669767730405 0.620474371781645 1 0.437454679251453 0.542091189193832 0.436394725506315 0.511359235056464 0.58553412768854 0.444708224841193 0.665883926058045 0.512883388542825 0.473734602459498 0.498829829426359 0.55843627515656 0.500241993641668 0.36259839166317 0.575495265445544 0.545997927456113 0.421891327178816 0.53374838940488
"JNJ.Adjusted" 0.437348674401398 0.445370858775056 0.421878090863301 0.495703220907233 0.423163749894937 0.466097066654369 0.540060685394755 0.486814534889519 0.405105132422453 0.457850661817566 0.499045818865034 0.437454679251453 1 0.424022527453418 0.516923472711795 0.438008735923315 0.536577468518464 0.619216405155972 0.492395010435621 0.41300526749563 0.590858992214196 0.632214259473647 0.508689329386343 0.50781095238565 0.426716010831138 0.546962974973064 0.504590856341223 0.498159575513543 0.463285293964244
"JPM.Adjusted" 0.739780501492242 0.454688911158715 0.543065499323197 0.597838155169459 0.461698711680921 0.589169317048288 0.604104602505698 0.648907677336111 0.731423750981795 0.629604433008828 0.54684471273629 0.542091189193832 0.424022527453418 1 0.388432485198769 0.4860064056879 0.581721025288291 0.420383568898893 0.476352826689651 0.541169637970149 0.50414603355883 0.492463743160839 0.552368142747543 0.598742366326195 0.353770525996192 0.575510672058762 0.521803651526953 0.465497736054556 0.43699100741575
"KO.Adjusted" 0.402897949124738 0.402609985143297 0.418667296544608 0.496800804977085 0.402171726419236 0.478334134152583 0.51184004647712 0.404608636466376 0.344272059207697 0.451651143430848 0.453883507132455 0.436394725506315 0.516923472711795 0.388432485198769 1 0.465901912032959 0.472797687548525 0.470232909623643 0.473548605374049 0.467557943624747 0.474929594669777 0.541780143909988 0.45796342844801 0.432959779893557 0.384557489349387 0.49583438536231 0.45296519413494 0.372831788056621 0.440518130177294
"MCD.Adjusted" 0.510432612556222 0.527337254905982 0.474153298014893 0.533870126893693 0.468651101319864 0.545584218233651 0.592051261540391 0.481959470781166 0.410305193210144 0.551569271276871 0.500061543427159 0.511359235056464 0.438008735923315 0.4860064056879 0.465901912032959 1 0.542741713155212 0.390238632254057 0.505085924697165 0.547997783504242 0.49936663995704 0.579311826986295 0.444668343870376 0.49315335132644 0.396597044322032 0.596911110119857 0.473842029254072 0.507181351735488 0.491996605747217
"MMM.Adjusted" 0.629297897863495 0.587542572290053 0.668419341975021 0.678899567688895 0.571914549496438 0.693187487686074 0.688602623646592 0.679428550158138 0.532134076705842 0.61982336105047 0.597854566462576 0.58553412768854 0.536577468518464 0.581721025288291 0.472797687548525 0.542741713155212 1 0.489071217731754 0.568808270372725 0.547393818173442 0.546960745540623 0.580472819728308 0.560788604440109 0.589158875805153 0.421651759856621 0.730335084767218 0.562224530633358 0.47803572956841 0.579566106755849
"MRK.Adjusted" 0.43911941264734 0.406455827361028 0.387077005631796 0.458708760631446 0.446663724912125 0.454134531068361 0.518008156673694 0.434449862904025 0.365335921418962 0.429104950363781 0.408791496308956 0.444708224841193 0.619216405155972 0.420383568898893 0.470232909623643 0.390238632254057 0.489071217731754 1 0.422107662160028 0.387199944503738 0.640009036322039 0.53152715388587 0.478427817658984 0.488078031122307 0.456122520550033 0.482281351574687 0.483191079818595 0.410131019039156 0.466933458942215
"MSFT.Adjusted" 0.551911471057385 0.494950647905623 0.526048412082013 0.698381912124821 0.5205618950119 0.549288121311132 0.592606643403561 0.449341522736631 0.457208601775895 0.50951010313431 0.582609970161039 0.665883926058045 0.492395010435621 0.476352826689651 0.473548605374049 0.505085924697165 0.568808270372725 0.422107662160028 1 0.474286227296941 0.490195292361954 0.470269787638422 0.514015067031205 0.487886403721997 0.333203770183022 0.590846184503105 0.520957998468511 0.38579978561567 0.527132344542025
"NKE.Adjusted" 0.595137909947577 0.540197509247144 0.548260351946494 0.592193682159763 0.44513903273097 0.597773017310661 0.627788783801205 0.519352164299774 0.523635301587449 0.617470799360803 0.567615460569034 0.512883388542825 0.41300526749563 0.541169637970149 0.467557943624747 0.547997783504242 0.547393818173442 0.387199944503738 0.474286227296941 1 0.428703310871582 0.506240759013451 0.497659099309425 0.511144255224633 0.372788797956898 0.57016031141835 0.510872990236452 0.473907456602747 0.455205414853576
"PFE.Adjusted" 0.529428801050797 0.464017701048673 0.484991316938916 0.527353409042812 0.516660876872381 0.559631020368022 0.567917196621839 0.487655572841492 0.481842592960103 0.470986721068841 0.473366629720017 0.473734602459498 0.590858992214196 0.50414603355883 0.474929594669777 0.49936663995704 0.546960745540623 0.640009036322039 0.490195292361954 0.428703310871582 1 0.557944163924146 0.538787699972355 0.589573117963492 0.472138111082037 0.547895520977383 0.521080531536983 0.458851924325081 0.558191886353821
"PG.Adjusted" 0.490313763386945 0.475610790420295 0.457159815374396 0.531966948457153 0.4908267498864 0.569713240959601 0.586575157419927 0.491652951756534 0.404788706488635 0.493408756779333 0.516375583361584 0.498829829426359 0.632214259473647 0.492463743160839 0.541780143909988 0.579311826986295 0.580472819728308 0.53152715388587 0.470269787638422 0.506240759013451 0.557944163924146 1 0.563569595410244 0.505150818673969 0.386728012295205 0.612684008547731 0.552159837618273 0.521509793239252 0.563278417471079
"T.Adjusted" 0.526472675197108 0.485591966139827 0.496108632949758 0.596736537550643 0.508692573582344 0.567139835542629 0.538041669789194 0.503649612252328 0.515340678795422 0.549696208849611 0.569022978196257 0.55843627515656 0.508689329386343 0.552368142747543 0.45796342844801 0.444668343870376 0.560788604440109 0.478427817658984 0.514015067031205 0.497659099309425 0.538787699972355 0.563569595410244 1 0.491123610458614 0.337680317214137 0.55290710377936 0.801644409587896 0.479856879964781 0.530653718217421
"TRV.Adjusted" 0.636330617813084 0.452699939500157 0.493132620075608 0.55544333920856 0.480174770288345 0.57203643175301 0.562732450533591 0.552616357356602 0.569907895670146 0.541288117501084 0.555429569860364 0.500241993641668 0.50781095238565 0.598742366326195 0.432959779893557 0.49315335132644 0.589158875805153 0.488078031122307 0.487886403721997 0.511144255224633 0.589573117963492 0.505150818673969 0.491123610458614 1 0.387269743828851 0.557416376779245 0.486668184366614 0.469826493886947 0.493076620681631
"UNH.Adjusted" 0.383258949338674 0.379408874710866 0.368325607482749 0.393454939136767 0.381938724086946 0.389437526865557 0.445839537759866 0.394451198364431 0.371706637630842 0.423383744279746 0.336088546871235 0.36259839166317 0.426716010831138 0.353770525996192 0.384557489349387 0.396597044322032 0.421651759856621 0.456122520550033 0.333203770183022 0.372788797956898 0.472138111082037 0.386728012295205 0.337680317214137 0.387269743828851 1 0.413231730882674 0.326165614708916 0.330696959263261 0.367177014309056
"UTX.Adjusted" 0.607102249413226 0.693620322421147 0.653163260031713 0.681951809551275 0.593263871228994 0.680911172950734 0.713332469426467 0.636323794644967 0.529625532081877 0.598432337735628 0.587038012678627 0.575495265445544 0.546962974973064 0.575510672058762 0.49583438536231 0.596911110119857 0.730335084767218 0.482281351574687 0.590846184503105 0.57016031141835 0.547895520977383 0.612684008547731 0.55290710377936 0.557416376779245 0.413231730882674 1 0.550282743718489 0.49182294363226 0.589907260634189
"VZ.Adjusted" 0.54662643807518 0.463989252208056 0.470139127153908 0.595306379166545 0.481015457079394 0.542389501624291 0.539277219943281 0.506685582264292 0.463257962530948 0.537882910436413 0.53361709797939 0.545997927456113 0.504590856341223 0.521803651526953 0.45296519413494 0.473842029254072 0.562224530633358 0.483191079818595 0.520957998468511 0.510872990236452 0.521080531536983 0.552159837618273 0.801644409587896 0.486668184366614 0.326165614708916 0.550282743718489 1 0.471893709525489 0.514903222886593
"WMT.Adjusted" 0.44128162291264 0.360971881993445 0.419571237082666 0.458381834948574 0.36986362541216 0.446973864170914 0.458464411109798 0.412502910039075 0.396838755156824 0.551547988369737 0.50667949962728 0.421891327178816 0.498159575513543 0.465497736054556 0.372831788056621 0.507181351735488 0.47803572956841 0.410131019039156 0.38579978561567 0.473907456602747 0.458851924325081 0.521509793239252 0.479856879964781 0.469826493886947 0.330696959263261 0.49182294363226 0.471893709525489 1 0.401591985322569
"XOM.Adjusted" 0.493195841323263 0.541857912499324 0.602802951102564 0.602625116867942 0.864751878914599 0.635884814472553 0.585564407115667 0.515761670851124 0.400103296046296 0.422222459305983 0.532306895285802 0.53374838940488 0.463285293964244 0.43699100741575 0.440518130177294 0.491996605747217 0.579566106755849 0.466933458942215 0.527132344542025 0.455205414853576 0.558191886353821 0.563278417471079 0.530653718217421 0.493076620681631 0.367177014309056 0.589907260634189 0.514903222886593 0.401591985322569 1
