"AXP.Adjusted" "BA.Adjusted" "CAT.Adjusted" "CSCO.Adjusted" "CVX.Adjusted" "DD.Adjusted" "DIS.Adjusted" "GE.Adjusted" "GS.Adjusted" "HD.Adjusted" "IBM.Adjusted" "INTC.Adjusted" "JNJ.Adjusted" "JPM.Adjusted" "KO.Adjusted" "MCD.Adjusted" "MMM.Adjusted" "MRK.Adjusted" "MSFT.Adjusted" "NKE.Adjusted" "PFE.Adjusted" "PG.Adjusted" "T.Adjusted" "TRV.Adjusted" "UNH.Adjusted" "UTX.Adjusted" "VZ.Adjusted" "WMT.Adjusted" "XOM.Adjusted"
"AXP.Adjusted" 1 0.466307679877707 0.427328337296759 0.411547989780631 0.514173140061719 0.52308804038623 0.492058314416139 0.511941946042865 0.543451322359172 0.436764308596636 0.453891860222294 0.410753183267746 0.470394214969425 0.543847227360011 0.441699159032923 0.357746419019465 0.587345775860729 0.32342439883294 0.434079699917105 0.429342305403231 0.370741114231606 0.386301445687187 0.40059508009825 0.519075741837341 0.336680256754845 0.518601754257492 0.337304916820947 0.304733089275829 0.503938805686037
"BA.Adjusted" 0.466307679877707 1 0.40884635771691 0.357419765154862 0.400057066294914 0.521561080693505 0.445076939524175 0.457065077511779 0.395934017194493 0.331584342141275 0.401197045159372 0.339348230958963 0.406856913790082 0.378783250889481 0.362397681637409 0.326411662777262 0.567392735510932 0.29373167573821 0.346368969982463 0.365300199466447 0.338645019436276 0.327135744699633 0.269984351331769 0.434990579812488 0.294207040561913 0.609551409453773 0.24844242703498 0.25877180355585 0.422932703125103
"CAT.Adjusted" 0.427328337296759 0.40884635771691 1 0.40709269952309 0.481299581595218 0.565394016136645 0.386829771269992 0.538762067455745 0.512811258129503 0.34803385797857 0.415334651363081 0.434502696221353 0.329552169772773 0.435355762781368 0.291142623598732 0.323223957080567 0.59353012242908 0.24662485423058 0.423287878654767 0.319535875269146 0.286775157707625 0.277006261478023 0.340692849913607 0.424041067454277 0.257855316899415 0.542647206166596 0.247878617221403 0.217083610969789 0.520962286249174
"CSCO.Adjusted" 0.411547989780631 0.357419765154862 0.40709269952309 1 0.411256471028349 0.481575969079403 0.411607746060862 0.45208718134131 0.440677146151704 0.296032458773911 0.466446511884695 0.416457170205741 0.345624236320183 0.389032219640718 0.319603739741312 0.278858454183234 0.489985855943365 0.290016167881549 0.410640966476435 0.309186205803408 0.280486870751747 0.261873659590444 0.266478265402192 0.416285793074203 0.262624036337726 0.462977996680411 0.140961536941487 0.180183827740376 0.415564722661859
"CVX.Adjusted" 0.514173140061719 0.400057066294914 0.481299581595218 0.411256471028349 1 0.573864710652771 0.452193693753792 0.595950271845145 0.529784222820352 0.33224991793637 0.506619395994641 0.447299147533715 0.531911940919061 0.468836509341869 0.469962850874673 0.352077001589845 0.622870323718905 0.412031138520151 0.434264604630374 0.307943121991905 0.4193380052394 0.476449307285908 0.399916828800493 0.500645837839114 0.33842656884956 0.534593999530171 0.359630196851501 0.290259747420347 0.747721349789697
"DD.Adjusted" 0.52308804038623 0.521561080693505 0.565394016136645 0.481575969079403 0.573864710652771 1 0.527991418413174 0.578602820895897 0.51335669406737 0.397620886444629 0.543555505354885 0.489406474438441 0.516451550198228 0.496545666008928 0.398859858910602 0.341376176854071 0.671145146117385 0.375528259166407 0.477925830598668 0.357302360180175 0.41376760625637 0.354193228870868 0.40112374130952 0.541532497474831 0.311935168798311 0.610422064310231 0.326732508910102 0.279762550415082 0.559949143051831
"DIS.Adjusted" 0.492058314416139 0.445076939524175 0.386829771269992 0.411607746060862 0.452193693753792 0.527991418413174 1 0.51421297558984 0.434121391007345 0.474541969690866 0.432202752556246 0.378480772181895 0.462513541847263 0.446256821452591 0.459996825098933 0.325869652471139 0.592480495426906 0.381509642890974 0.416670115148304 0.411145634033727 0.464680845940967 0.430055767037676 0.437817257799848 0.517675535664621 0.344912810948135 0.514903787176075 0.355663527841914 0.375933832933282 0.485582724900792
"GE.Adjusted" 0.511941946042865 0.457065077511779 0.538762067455745 0.45208718134131 0.595950271845145 0.578602820895897 0.51421297558984 1 0.54476752218542 0.435458481496937 0.507104035598739 0.433467473194036 0.47746560074558 0.560392010961063 0.445037911349751 0.395307031764915 0.643401464525415 0.348344971772683 0.449962629330789 0.347531659520945 0.452146241531512 0.44938620590896 0.446716216541405 0.54946330997721 0.365328134161512 0.52345353122989 0.400496568465703 0.318569404708476 0.581023287461049
"GS.Adjusted" 0.543451322359172 0.395934017194493 0.512811258129503 0.440677146151704 0.529784222820352 0.51335669406737 0.434121391007345 0.54476752218542 1 0.294835007173602 0.479886195625351 0.415613980361685 0.425665909497378 0.71891801123479 0.323023676539545 0.268936453534212 0.551003901016162 0.291867290450158 0.391137672352341 0.337635178223215 0.302393782667478 0.289063569191579 0.35088123358624 0.486698430358539 0.298737953147126 0.488388583895562 0.266463791649561 0.266277880104199 0.527255121281656
"HD.Adjusted" 0.436764308596636 0.331584342141275 0.34803385797857 0.296032458773911 0.33224991793637 0.397620886444629 0.474541969690866 0.435458481496937 0.294835007173602 1 0.39345193687231 0.300405060995442 0.407188783188642 0.328556852692989 0.355877221326402 0.277365416064346 0.481772625622094 0.296997724224275 0.341728154686394 0.341815281764266 0.322909360379247 0.369390942282079 0.306421605369944 0.371989694672453 0.252578798192417 0.456520125521189 0.271847468852874 0.31267958176813 0.444662774898655
"IBM.Adjusted" 0.453891860222294 0.401197045159372 0.415334651363081 0.466446511884695 0.506619395994641 0.543555505354885 0.432202752556246 0.507104035598739 0.479886195625351 0.39345193687231 1 0.481460862247334 0.446264737748458 0.433893055282481 0.407295935678694 0.381336705456976 0.541483903861888 0.304875537368237 0.438590242263929 0.360223177980475 0.332819874734584 0.349835422727553 0.362953625632009 0.465039789670451 0.335696551751652 0.522355170328563 0.323131885369113 0.278579631552744 0.492772080541551
"INTC.Adjusted" 0.410753183267746 0.339348230958963 0.434502696221353 0.416457170205741 0.447299147533715 0.489406474438441 0.378480772181895 0.433467473194036 0.415613980361685 0.300405060995442 0.481460862247334 1 0.350245167101967 0.421782668331311 0.332494429033473 0.292186864083179 0.50468245653925 0.296470887092744 0.444044020321 0.324418621775258 0.354145874464155 0.216701260979017 0.361494312009777 0.33793306018441 0.200207425239256 0.426314792969596 0.250338813693835 0.170260449102315 0.433208838235878
"JNJ.Adjusted" 0.470394214969425 0.406856913790082 0.329552169772773 0.345624236320183 0.531911940919061 0.516451550198228 0.462513541847263 0.47746560074558 0.425665909497378 0.407188783188642 0.446264737748458 0.350245167101967 1 0.429889168464362 0.47594715725543 0.411768025904612 0.545494286530551 0.483797107199004 0.379797134795452 0.320553206496619 0.558608849226452 0.520943469013064 0.476768067888722 0.48927682763817 0.338248325203543 0.485112364667401 0.405644301432246 0.394181157005978 0.531554791972829
"JPM.Adjusted" 0.543847227360011 0.378783250889481 0.435355762781368 0.389032219640718 0.468836509341869 0.496545666008928 0.446256821452591 0.560392010961063 0.71891801123479 0.328556852692989 0.433893055282481 0.421782668331311 0.429889168464362 1 0.369088124149055 0.272774423415878 0.487621789679714 0.317518193389756 0.38227429916524 0.333453992141811 0.345042657190701 0.297951173408767 0.38485402827357 0.501899795906818 0.358744424182096 0.444015372139794 0.286659378759772 0.248964783207001 0.485524025853237
"KO.Adjusted" 0.441699159032923 0.362397681637409 0.291142623598732 0.319603739741312 0.469962850874673 0.398859858910602 0.459996825098933 0.445037911349751 0.323023676539545 0.355877221326402 0.407295935678694 0.332494429033473 0.47594715725543 0.369088124149055 1 0.360465010127075 0.499544502024529 0.371343057265192 0.327262373027463 0.326529869845008 0.440180228030992 0.507469721692686 0.441180506270708 0.459547361807757 0.259103353336281 0.417979330520995 0.406812904472851 0.384487230880749 0.458764664231325
"MCD.Adjusted" 0.357746419019465 0.326411662777262 0.323223957080567 0.278858454183234 0.352077001589845 0.341376176854071 0.325869652471139 0.395307031764915 0.268936453534212 0.277365416064346 0.381336705456976 0.292186864083179 0.411768025904612 0.272774423415878 0.360465010127075 1 0.409975128342344 0.322271005391233 0.282749815265163 0.347741750312702 0.314788319114008 0.32807076459992 0.310106436273231 0.374559878422884 0.264203849787075 0.358590824236524 0.277920249942197 0.292523838973742 0.352155711006611
"MMM.Adjusted" 0.587345775860729 0.567392735510932 0.59353012242908 0.489985855943365 0.622870323718905 0.671145146117385 0.592480495426906 0.643401464525415 0.551003901016162 0.481772625622094 0.541483903861888 0.50468245653925 0.545494286530551 0.487621789679714 0.499544502024529 0.409975128342344 1 0.417525645578244 0.478545843050489 0.413041679576187 0.489568047116137 0.483507494430414 0.464654196504639 0.573514672570655 0.34944200028081 0.718698541266516 0.350304133496468 0.323011141145502 0.647417177207773
"MRK.Adjusted" 0.32342439883294 0.29373167573821 0.24662485423058 0.290016167881549 0.412031138520151 0.375528259166407 0.381509642890974 0.348344971772683 0.291867290450158 0.296997724224275 0.304875537368237 0.296470887092744 0.483797107199004 0.317518193389756 0.371343057265192 0.322271005391233 0.417525645578244 1 0.262131762399453 0.27026289188786 0.505819554946234 0.448347532978463 0.420762758901515 0.382068066986559 0.235549033566794 0.342968887802913 0.36889439832403 0.286086005779928 0.398502815195507
"MSFT.Adjusted" 0.434079699917105 0.346368969982463 0.423287878654767 0.410640966476435 0.434264604630374 0.477925830598668 0.416670115148304 0.449962629330789 0.391137672352341 0.341728154686394 0.438590242263929 0.444044020321 0.379797134795452 0.38227429916524 0.327262373027463 0.282749815265163 0.478545843050489 0.262131762399453 1 0.325651249308347 0.327904094652036 0.302479059168301 0.292212711423564 0.373774697428264 0.308436894392811 0.46750543737015 0.230147767869173 0.250796847730745 0.434025546397518
"NKE.Adjusted" 0.429342305403231 0.365300199466447 0.319535875269146 0.309186205803408 0.307943121991905 0.357302360180175 0.411145634033727 0.347531659520945 0.337635178223215 0.341815281764266 0.360223177980475 0.324418621775258 0.320553206496619 0.333453992141811 0.326529869845008 0.347741750312702 0.413041679576187 0.27026289188786 0.325651249308347 1 0.27503453070152 0.235243357505139 0.263724292385691 0.366158920086229 0.212377411685999 0.422737401465242 0.218306201460496 0.209571835937536 0.335629787282884
"PFE.Adjusted" 0.370741114231606 0.338645019436276 0.286775157707625 0.280486870751747 0.4193380052394 0.41376760625637 0.464680845940967 0.452146241531512 0.302393782667478 0.322909360379247 0.332819874734584 0.354145874464155 0.558608849226452 0.345042657190701 0.440180228030992 0.314788319114008 0.489568047116137 0.505819554946234 0.327904094652036 0.27503453070152 1 0.479220888123572 0.39917199263899 0.432192591489771 0.294715497045069 0.385074619721118 0.370853155706742 0.312601382569439 0.444840334479078
"PG.Adjusted" 0.386301445687187 0.327135744699633 0.277006261478023 0.261873659590444 0.476449307285908 0.354193228870868 0.430055767037676 0.44938620590896 0.289063569191579 0.369390942282079 0.349835422727553 0.216701260979017 0.520943469013064 0.297951173408767 0.507469721692686 0.32807076459992 0.483507494430414 0.448347532978463 0.302479059168301 0.235243357505139 0.479220888123572 1 0.418011880021139 0.448347559142846 0.276152259054324 0.393537899946108 0.387252247103878 0.39900705511168 0.454377517235871
"T.Adjusted" 0.40059508009825 0.269984351331769 0.340692849913607 0.266478265402192 0.399916828800493 0.40112374130952 0.437817257799848 0.446716216541405 0.35088123358624 0.306421605369944 0.362953625632009 0.361494312009777 0.476768067888722 0.38485402827357 0.441180506270708 0.310106436273231 0.464654196504639 0.420762758901515 0.292212711423564 0.263724292385691 0.39917199263899 0.418011880021139 1 0.413752659721266 0.226484010251834 0.385007954882608 0.721589329118034 0.360206135351133 0.408400690184723
"TRV.Adjusted" 0.519075741837341 0.434990579812488 0.424041067454277 0.416285793074203 0.500645837839114 0.541532497474831 0.517675535664621 0.54946330997721 0.486698430358539 0.371989694672453 0.465039789670451 0.33793306018441 0.48927682763817 0.501899795906818 0.459547361807757 0.374559878422884 0.573514672570655 0.382068066986559 0.373774697428264 0.366158920086229 0.432192591489771 0.448347559142846 0.413752659721266 1 0.343423433370655 0.528304079255454 0.376462215099057 0.363227083036778 0.515738474500784
"UNH.Adjusted" 0.336680256754845 0.294207040561913 0.257855316899415 0.262624036337726 0.33842656884956 0.311935168798311 0.344912810948135 0.365328134161512 0.298737953147126 0.252578798192417 0.335696551751652 0.200207425239256 0.338248325203543 0.358744424182096 0.259103353336281 0.264203849787075 0.34944200028081 0.235549033566794 0.308436894392811 0.212377411685999 0.294715497045069 0.276152259054324 0.226484010251834 0.343423433370655 1 0.385854315830248 0.230362395639155 0.203593981063627 0.3269253475766
"UTX.Adjusted" 0.518601754257492 0.609551409453773 0.542647206166596 0.462977996680411 0.534593999530171 0.610422064310231 0.514903787176075 0.52345353122989 0.488388583895562 0.456520125521189 0.522355170328563 0.426314792969596 0.485112364667401 0.444015372139794 0.417979330520995 0.358590824236524 0.718698541266516 0.342968887802913 0.46750543737015 0.422737401465242 0.385074619721118 0.393537899946108 0.385007954882608 0.528304079255454 0.385854315830248 1 0.322564225623553 0.311432251565335 0.508561759199612
"VZ.Adjusted" 0.337304916820947 0.24844242703498 0.247878617221403 0.140961536941487 0.359630196851501 0.326732508910102 0.355663527841914 0.400496568465703 0.266463791649561 0.271847468852874 0.323131885369113 0.250338813693835 0.405644301432246 0.286659378759772 0.406812904472851 0.277920249942197 0.350304133496468 0.36889439832403 0.230147767869173 0.218306201460496 0.370853155706742 0.387252247103878 0.721589329118034 0.376462215099057 0.230362395639155 0.322564225623553 1 0.357031995669997 0.335411520347212
"WMT.Adjusted" 0.304733089275829 0.25877180355585 0.217083610969789 0.180183827740376 0.290259747420347 0.279762550415082 0.375933832933282 0.318569404708476 0.266277880104199 0.31267958176813 0.278579631552744 0.170260449102315 0.394181157005978 0.248964783207001 0.384487230880749 0.292523838973742 0.323011141145502 0.286086005779928 0.250796847730745 0.209571835937536 0.312601382569439 0.39900705511168 0.360206135351133 0.363227083036778 0.203593981063627 0.311432251565335 0.357031995669997 1 0.313898382160662
"XOM.Adjusted" 0.503938805686037 0.422932703125103 0.520962286249174 0.415564722661859 0.747721349789697 0.559949143051831 0.485582724900792 0.581023287461049 0.527255121281656 0.444662774898655 0.492772080541551 0.433208838235878 0.531554791972829 0.485524025853237 0.458764664231325 0.352155711006611 0.647417177207773 0.398502815195507 0.434025546397518 0.335629787282884 0.444840334479078 0.454377517235871 0.408400690184723 0.515738474500784 0.3269253475766 0.508561759199612 0.335411520347212 0.313898382160662 1
