"AXP.Adjusted" "BA.Adjusted" "CAT.Adjusted" "CSCO.Adjusted" "CVX.Adjusted" "DD.Adjusted" "DIS.Adjusted" "GE.Adjusted" "GS.Adjusted" "HD.Adjusted" "IBM.Adjusted" "INTC.Adjusted" "JNJ.Adjusted" "JPM.Adjusted" "KO.Adjusted" "MCD.Adjusted" "MMM.Adjusted" "MRK.Adjusted" "MSFT.Adjusted" "NKE.Adjusted" "PFE.Adjusted" "PG.Adjusted" "T.Adjusted" "TRV.Adjusted" "UNH.Adjusted" "UTX.Adjusted" "VZ.Adjusted" "WMT.Adjusted" "XOM.Adjusted"
"AXP.Adjusted" 1 0.337836658542652 0.421893340616719 0.481718684819875 0.35361401234402 0.463312513315179 0.472092192538947 0.568930000770511 0.625493673458005 0.444258629072855 0.4042786870804 0.456721679003419 0.375719209476131 0.664843232479273 0.459265581153584 0.386725196822262 0.409468933725213 0.403777123897627 0.458644352293019 0.395118067894061 0.436025802198316 0.422664425112849 0.414799247747404 0.499385616591495 0.244350139279007 0.453984252832724 0.445825461978716 0.4062378889777 0.383655071749574
"BA.Adjusted" 0.337836658542652 1 0.391574148109279 0.312407167656628 0.307747625807919 0.382239000993143 0.373366518413359 0.414992419246905 0.391985781425197 0.300635168950735 0.274753304739206 0.332202025227959 0.237582919264871 0.37717275513927 0.329073264825329 0.297932219682776 0.344429888410835 0.271111362507464 0.336187520520025 0.256306046653693 0.342180149654974 0.303180492041236 0.245557475983397 0.319027646672237 0.169316427160001 0.505260754648666 0.297754031312711 0.307910717359393 0.314137155363502
"CAT.Adjusted" 0.421893340616719 0.391574148109279 1 0.340674800844435 0.37938647887711 0.443690928629534 0.362755207463689 0.39393303934342 0.458027669730915 0.376689149657781 0.349225701890129 0.407400498686112 0.282411130154603 0.448300313512456 0.352326804948913 0.330004793046517 0.385607307824002 0.242158256372689 0.361188664924792 0.284225670759935 0.331210975506083 0.282523494417132 0.306750043450338 0.339764019034094 0.183608117681727 0.527734174398899 0.385464603804488 0.367913002152278 0.398453552934368
"CSCO.Adjusted" 0.481718684819875 0.312407167656628 0.340674800844435 1 0.221542926777197 0.403897821485331 0.38742993650205 0.47433765238741 0.433877033651738 0.391974128395924 0.509297536656161 0.545882049034749 0.305598342550864 0.429780754870201 0.417974881113201 0.325053538615823 0.376963262103332 0.307137925793468 0.460971407062524 0.30498287069057 0.400698924574546 0.329913538575136 0.367311902314922 0.388518256165313 0.193582597593012 0.411544693824922 0.367976844822358 0.39335530041682 0.286839401546265
"CVX.Adjusted" 0.35361401234402 0.307747625807919 0.37938647887711 0.221542926777197 1 0.349878313051385 0.336959076749503 0.305307737727018 0.314061055329443 0.258917249915273 0.287763328454247 0.297959925957507 0.215895593990178 0.357146880400182 0.344215779412029 0.234659454059362 0.340244930575952 0.197938663766016 0.313534617111553 0.24863504605855 0.305439745123975 0.235007165969275 0.313476335028543 0.297554353920148 0.139541692304639 0.347851775411528 0.302777048557927 0.178745416148788 0.861012096623559
"DD.Adjusted" 0.463312513315179 0.382239000993143 0.443690928629534 0.403897821485331 0.349878313051385 1 0.407730504953795 0.493557947675822 0.484482604416092 0.376971771842648 0.387598889500373 0.449588319303456 0.310851450678682 0.493666243385631 0.39469053479929 0.445335666708339 0.491905705312889 0.309389622505706 0.391587037440625 0.387872152775789 0.399527020755938 0.360482419632403 0.31609944685984 0.379567894435625 0.236505846019224 0.515693223025448 0.340445609142425 0.403068932631226 0.34844491059339
"DIS.Adjusted" 0.472092192538947 0.373366518413359 0.362755207463689 0.38742993650205 0.336959076749503 0.407730504953795 1 0.469131695243303 0.412068201816132 0.350207573533173 0.374135955697295 0.340466480311821 0.262623890926861 0.437228080598832 0.39791297043921 0.334082245287335 0.344221082271444 0.334998058776909 0.391779302201562 0.289958202161197 0.387756705838713 0.342324083053285 0.391594440812533 0.425613400573774 0.22257661714035 0.410719629207604 0.387574760454385 0.391483773536551 0.341237502663318
"GE.Adjusted" 0.568930000770511 0.414992419246905 0.39393303934342 0.47433765238741 0.305307737727018 0.493557947675822 0.469131695243303 1 0.496007638445342 0.405720497680423 0.494774390178642 0.479096791175928 0.471632880253273 0.554472872473507 0.464524234589771 0.373068079787308 0.51542205817436 0.407272304724297 0.510160445140574 0.354491723682694 0.524402400336977 0.487305751272057 0.435476632267601 0.486946520923446 0.269509601714664 0.461909326784891 0.49790454454489 0.434608210402449 0.356930370265035
"GS.Adjusted" 0.625493673458005 0.391985781425197 0.458027669730915 0.433877033651738 0.314061055329443 0.484482604416092 0.412068201816132 0.496007638445342 1 0.431996905114893 0.383436323769266 0.453209169758014 0.293862882958826 0.679042648067435 0.437608809367235 0.378033797618621 0.383319270205722 0.40432904185939 0.398320109477688 0.346509517205012 0.423176875648213 0.385940422712946 0.393985577885732 0.4423058131341 0.200136956379222 0.496976858309735 0.420863194018073 0.456438062890723 0.338587861389866
"HD.Adjusted" 0.444258629072855 0.300635168950735 0.376689149657781 0.391974128395924 0.258917249915273 0.376971771842648 0.350207573533173 0.405720497680423 0.431996905114893 1 0.400986161232449 0.384885531215171 0.328831095328508 0.474256217270796 0.335327528767999 0.320515689440943 0.342665720221269 0.291235356612093 0.316345162823757 0.343427756013475 0.369984154638932 0.281309208121487 0.361143872604529 0.369717762245928 0.19723097201383 0.393269163306491 0.347397612491939 0.526163329834292 0.283357781327647
"IBM.Adjusted" 0.4042786870804 0.274753304739206 0.349225701890129 0.509297536656161 0.287763328454247 0.387598889500373 0.374135955697295 0.494774390178642 0.383436323769266 0.400986161232449 1 0.53902630157234 0.376893639061853 0.403475792803674 0.460167855481326 0.343333736670364 0.406389521449709 0.299681790113363 0.461672555086809 0.326181031407687 0.391375945804098 0.36750322865322 0.388624479634908 0.417568189550824 0.278813497961866 0.40733689149286 0.418956430417226 0.362241433629522 0.317594997102495
"INTC.Adjusted" 0.456721679003419 0.332202025227959 0.407400498686112 0.545882049034749 0.297959925957507 0.449588319303456 0.340466480311821 0.479096791175928 0.453209169758014 0.384885531215171 0.53902630157234 1 0.337850989651199 0.49655631054578 0.468082463864372 0.331371373960045 0.453504130290584 0.379678942304847 0.441611039335508 0.356744862581871 0.451490369031743 0.339719151553177 0.369862161067832 0.388273543179168 0.244808598829967 0.50427482169337 0.399941474600863 0.424723807486345 0.339684280009641
"JNJ.Adjusted" 0.375719209476131 0.237582919264871 0.282411130154603 0.305598342550864 0.215895593990178 0.310851450678682 0.262623890926861 0.471632880253273 0.293862882958826 0.328831095328508 0.376893639061853 0.337850989651199 1 0.343754369500496 0.404017362704564 0.282273939030161 0.319225641597212 0.389663116608617 0.291970010946646 0.256385434138007 0.450845877522623 0.424431392841539 0.333854509988307 0.349696287337243 0.234222107731367 0.334288682330282 0.366894532029143 0.382386819773492 0.231913625050371
"JPM.Adjusted" 0.664843232479273 0.37717275513927 0.448300313512456 0.429780754870201 0.357146880400182 0.493666243385631 0.437228080598832 0.554472872473507 0.679042648067435 0.474256217270796 0.403475792803674 0.49655631054578 0.343754369500496 1 0.48730181383452 0.38831608463364 0.459692026198314 0.427239094564727 0.470643855314254 0.363574574063244 0.488931954513478 0.437708695768687 0.434460900341796 0.545006442860579 0.270590055417857 0.517355480852895 0.425372652388358 0.422547284759973 0.38725539184125
"KO.Adjusted" 0.459265581153584 0.329073264825329 0.352326804948913 0.417974881113201 0.344215779412029 0.39469053479929 0.39791297043921 0.464524234589771 0.437608809367235 0.335327528767999 0.460167855481326 0.468082463864372 0.404017362704564 0.48730181383452 1 0.354189990678963 0.411252283638677 0.434105600333011 0.464343753067108 0.334694779555786 0.458297303134801 0.470650782384985 0.428638783589386 0.423774293979077 0.217701597294477 0.465659122316733 0.442768059618742 0.410820013093499 0.377821666347781
"MCD.Adjusted" 0.386725196822262 0.297932219682776 0.330004793046517 0.325053538615823 0.234659454059362 0.445335666708339 0.334082245287335 0.373068079787308 0.378033797618621 0.320515689440943 0.343333736670364 0.331371373960045 0.282273939030161 0.38831608463364 0.354189990678963 1 0.319983529324302 0.312514006858238 0.308027892238227 0.298290027847598 0.320727165319491 0.323656621575747 0.315676841753041 0.329363933958896 0.172670865331825 0.391834170635504 0.277411877518182 0.322120739064865 0.23919192435847
"MMM.Adjusted" 0.409468933725213 0.344429888410835 0.385607307824002 0.376963262103332 0.340244930575952 0.491905705312889 0.344221082271444 0.51542205817436 0.383319270205722 0.342665720221269 0.406389521449709 0.453504130290584 0.319225641597212 0.459692026198314 0.411252283638677 0.319983529324302 1 0.28251700291441 0.36663749613144 0.341222127060314 0.42356336230444 0.333877076845576 0.322938411955953 0.363114369633413 0.255864150767511 0.488788623919906 0.396182888193095 0.370680534919129 0.38308298939739
"MRK.Adjusted" 0.403777123897627 0.271111362507464 0.242158256372689 0.307137925793468 0.197938663766016 0.309389622505706 0.334998058776909 0.407272304724297 0.40432904185939 0.291235356612093 0.299681790113363 0.379678942304847 0.389663116608617 0.427239094564727 0.434105600333011 0.312514006858238 0.28251700291441 1 0.362414583113628 0.232731059503499 0.505928606931074 0.36630074556269 0.402541602698371 0.312680653424895 0.226833346911762 0.33724906558748 0.432641283395029 0.377135435125775 0.226853657559625
"MSFT.Adjusted" 0.458644352293019 0.336187520520025 0.361188664924792 0.460971407062524 0.313534617111553 0.391587037440625 0.391779302201562 0.510160445140574 0.398320109477688 0.316345162823757 0.461672555086809 0.441611039335508 0.291970010946646 0.470643855314254 0.464343753067108 0.308027892238227 0.36663749613144 0.362414583113628 1 0.289605776676316 0.376423977617142 0.3983979829701 0.334632925261275 0.36006497931904 0.236621257244454 0.435278014873502 0.425966010317087 0.356297982287432 0.368901286265549
"NKE.Adjusted" 0.395118067894061 0.256306046653693 0.284225670759935 0.30498287069057 0.24863504605855 0.387872152775789 0.289958202161197 0.354491723682694 0.346509517205012 0.343427756013475 0.326181031407687 0.356744862581871 0.256385434138007 0.363574574063244 0.334694779555786 0.298290027847598 0.341222127060314 0.232731059503499 0.289605776676316 1 0.288175426439307 0.287379222163798 0.286180256837056 0.321488162885002 0.249652212786954 0.373121506145729 0.267868960636472 0.246642372794557 0.233849684628554
"PFE.Adjusted" 0.436025802198316 0.342180149654974 0.331210975506083 0.400698924574546 0.305439745123975 0.399527020755938 0.387756705838713 0.524402400336977 0.423176875648213 0.369984154638932 0.391375945804098 0.451490369031743 0.450845877522623 0.488931954513478 0.458297303134801 0.320727165319491 0.42356336230444 0.505928606931074 0.376423977617142 0.288175426439307 1 0.363687203050708 0.361304797416869 0.389921705813497 0.248810687172629 0.364394053198451 0.463103209361174 0.454916174915224 0.321542879698864
"PG.Adjusted" 0.422664425112849 0.303180492041236 0.282523494417132 0.329913538575136 0.235007165969275 0.360482419632403 0.342324083053285 0.487305751272057 0.385940422712946 0.281309208121487 0.36750322865322 0.339719151553177 0.424431392841539 0.437708695768687 0.470650782384985 0.323656621575747 0.333877076845576 0.36630074556269 0.3983979829701 0.287379222163798 0.363687203050708 1 0.408815592855249 0.40292567020216 0.264066441022694 0.422152475178002 0.38813955057928 0.319457791629483 0.276810131024831
"T.Adjusted" 0.414799247747404 0.245557475983397 0.306750043450338 0.367311902314922 0.313476335028543 0.31609944685984 0.391594440812533 0.435476632267601 0.393985577885732 0.361143872604529 0.388624479634908 0.369862161067832 0.333854509988307 0.434460900341796 0.428638783589386 0.315676841753041 0.322938411955953 0.402541602698371 0.334632925261275 0.286180256837056 0.361304797416869 0.408815592855249 1 0.371985494268408 0.195794288048297 0.361668363134423 0.534726344168916 0.359915629830937 0.331430511882961
"TRV.Adjusted" 0.499385616591495 0.319027646672237 0.339764019034094 0.388518256165313 0.297554353920148 0.379567894435625 0.425613400573774 0.486946520923446 0.4423058131341 0.369717762245928 0.417568189550824 0.388273543179168 0.349696287337243 0.545006442860579 0.423774293979077 0.329363933958896 0.363114369633413 0.312680653424895 0.36006497931904 0.321488162885002 0.389921705813497 0.40292567020216 0.371985494268408 1 0.178406820727032 0.371762018663135 0.357611731270897 0.434183039940332 0.328838459416147
"UNH.Adjusted" 0.244350139279007 0.169316427160001 0.183608117681727 0.193582597593012 0.139541692304639 0.236505846019224 0.22257661714035 0.269509601714664 0.200136956379222 0.19723097201383 0.278813497961866 0.244808598829967 0.234222107731367 0.270590055417857 0.217701597294477 0.172670865331825 0.255864150767511 0.226833346911762 0.236621257244454 0.249652212786954 0.248810687172629 0.264066441022694 0.195794288048297 0.178406820727032 1 0.320079883606139 0.208538155372873 0.193144684455046 0.132921150389965
"UTX.Adjusted" 0.453984252832724 0.505260754648666 0.527734174398899 0.411544693824922 0.347851775411528 0.515693223025448 0.410719629207604 0.461909326784891 0.496976858309735 0.393269163306491 0.40733689149286 0.50427482169337 0.334288682330282 0.517355480852895 0.465659122316733 0.391834170635504 0.488788623919906 0.33724906558748 0.435278014873502 0.373121506145729 0.364394053198451 0.422152475178002 0.361668363134423 0.371762018663135 0.320079883606139 1 0.369201469481221 0.400122193903023 0.379067623669453
"VZ.Adjusted" 0.445825461978716 0.297754031312711 0.385464603804488 0.367976844822358 0.302777048557927 0.340445609142425 0.387574760454385 0.49790454454489 0.420863194018073 0.347397612491939 0.418956430417226 0.399941474600863 0.366894532029143 0.425372652388358 0.442768059618742 0.277411877518182 0.396182888193095 0.432641283395029 0.425966010317087 0.267868960636472 0.463103209361174 0.38813955057928 0.534726344168916 0.357611731270897 0.208538155372873 0.369201469481221 1 0.410143742825883 0.314315214853718
"WMT.Adjusted" 0.4062378889777 0.307910717359393 0.367913002152278 0.39335530041682 0.178745416148788 0.403068932631226 0.391483773536551 0.434608210402449 0.456438062890723 0.526163329834292 0.362241433629522 0.424723807486345 0.382386819773492 0.422547284759973 0.410820013093499 0.322120739064865 0.370680534919129 0.377135435125775 0.356297982287432 0.246642372794557 0.454916174915224 0.319457791629483 0.359915629830937 0.434183039940332 0.193144684455046 0.400122193903023 0.410143742825883 1 0.23229237503604
"XOM.Adjusted" 0.383655071749574 0.314137155363502 0.398453552934368 0.286839401546265 0.861012096623559 0.34844491059339 0.341237502663318 0.356930370265035 0.338587861389866 0.283357781327647 0.317594997102495 0.339684280009641 0.231913625050371 0.38725539184125 0.377821666347781 0.23919192435847 0.38308298939739 0.226853657559625 0.368901286265549 0.233849684628554 0.321542879698864 0.276810131024831 0.331430511882961 0.328838459416147 0.132921150389965 0.379067623669453 0.314315214853718 0.23229237503604 1
