"AXP.Adjusted" "BA.Adjusted" "CAT.Adjusted" "CSCO.Adjusted" "CVX.Adjusted" "DD.Adjusted" "DIS.Adjusted" "GE.Adjusted" "GS.Adjusted" "HD.Adjusted" "IBM.Adjusted" "INTC.Adjusted" "JNJ.Adjusted" "JPM.Adjusted" "KO.Adjusted" "MCD.Adjusted" "MMM.Adjusted" "MRK.Adjusted" "MSFT.Adjusted" "NKE.Adjusted" "PFE.Adjusted" "PG.Adjusted" "T.Adjusted" "TRV.Adjusted" "UNH.Adjusted" "UTX.Adjusted" "VZ.Adjusted" "WMT.Adjusted" "XOM.Adjusted"
"AXP.Adjusted" 1 0.61127487005476 0.619948823789826 0.530170774780275 0.557348277834015 0.650720561527006 0.615020788052597 0.658295728428383 0.604303514537813 0.57271206138472 0.592013237315989 0.532114711779229 0.52417729593702 0.700554752760355 0.479262477354964 0.468177943716049 0.632063410449142 0.531242866787011 0.559554881668826 0.540146629899683 0.504039784575458 0.498505243037938 0.536396863020111 0.557225188087152 0.45263592395507 0.643234305064746 0.476592742633248 0.392223727337291 0.574640840599309
"BA.Adjusted" 0.61127487005476 1 0.656757740063989 0.555199763232619 0.585584399570723 0.674949755706618 0.679386342864972 0.640718733947399 0.526646838752813 0.553421168619805 0.59799931172034 0.52269898070108 0.564536305790882 0.609920119055631 0.499527468836244 0.473582225566202 0.649923960414665 0.532674001180395 0.544456470102092 0.581148872027097 0.525531365609643 0.504926572305594 0.520809270310688 0.553607588538994 0.49408097438596 0.724169461601639 0.452019999348029 0.38925997064815 0.593579239390421
"CAT.Adjusted" 0.619948823789826 0.656757740063989 1 0.58721424933325 0.7125923384727 0.780907005354571 0.649923621863693 0.676765910293943 0.514175109643881 0.549383883803834 0.612140604008259 0.550893863805984 0.52851614157481 0.604749767484166 0.514141909222714 0.466471541594085 0.720298979589568 0.541141234775499 0.552469754829526 0.613053597322243 0.501121549758949 0.470506086773183 0.531579169863254 0.562846296089874 0.47809553005052 0.772442871588078 0.501829422454146 0.408072833216519 0.661257598505543
"CSCO.Adjusted" 0.530170774780275 0.555199763232619 0.58721424933325 1 0.578641521287403 0.595837263191307 0.585062569023467 0.582409301404303 0.531426231988567 0.502720414706504 0.59505099463509 0.623824451121542 0.495350425932187 0.56009066984568 0.441414229679758 0.447918758574894 0.617612888976666 0.460590189326596 0.623571203479953 0.582288438665067 0.485964975180791 0.480186740630325 0.491373854218911 0.530977947615592 0.472316860049713 0.634230464564996 0.441618620155085 0.452625114818145 0.56966910854713
"CVX.Adjusted" 0.557348277834015 0.585584399570723 0.7125923384727 0.578641521287403 1 0.711161841380762 0.611441638846006 0.667911510769857 0.5143106471965 0.557313490663426 0.599745665539595 0.529629274409615 0.604025564517341 0.599359758319444 0.577559595633502 0.507859762370101 0.689042691435172 0.576096491541624 0.55395354494971 0.547845599669311 0.577537140330634 0.520822224044861 0.604305588768236 0.551848524682589 0.519143594598844 0.663411578230091 0.541412266472001 0.445539764569072 0.837356632800259
"DD.Adjusted" 0.650720561527006 0.674949755706618 0.780907005354571 0.595837263191307 0.711161841380762 1 0.68221750058869 0.705820080773422 0.551747202662072 0.601023154846249 0.635100833997006 0.55337248064104 0.595252352684777 0.636393686251453 0.56014451375332 0.534107906951165 0.713757653435184 0.585173287536718 0.595292047970873 0.638989841708819 0.572115145439261 0.51358291887798 0.617017762604852 0.625953931585131 0.512777739412427 0.725834883263728 0.558801690299297 0.458802143155192 0.686880991430731
"DIS.Adjusted" 0.615020788052597 0.679386342864972 0.649923621863693 0.585062569023467 0.611441638846006 0.68221750058869 1 0.681838646648881 0.559719529097884 0.581614287409891 0.615898782861301 0.551288251818238 0.547868750905254 0.658408043434651 0.502546770863586 0.496742633570097 0.686580488231544 0.560430981570241 0.564373310100141 0.620512345119512 0.534650481206044 0.514599539734495 0.578643463745134 0.597134210954724 0.479908694898752 0.712507125154207 0.521750830763699 0.423710976121884 0.609473628118865
"GE.Adjusted" 0.658295728428383 0.640718733947399 0.676765910293943 0.582409301404303 0.667911510769857 0.705820080773422 0.681838646648881 1 0.602234472022219 0.58724475053936 0.621823296369894 0.576512733884166 0.588969068955274 0.729946187814247 0.556285457581324 0.484437437563932 0.702984160115691 0.558092080629969 0.593579970199103 0.588306603318604 0.558296554176788 0.563347824800442 0.5908903047427 0.569582011322828 0.507671694975235 0.708354837399271 0.577695052480466 0.459095323319697 0.656361816123176
"GS.Adjusted" 0.604303514537813 0.526646838752813 0.514175109643881 0.531426231988567 0.5143106471965 0.551747202662072 0.559719529097884 0.602234472022219 1 0.474749147025779 0.481135392373286 0.48047459836992 0.436308300735395 0.765612258933984 0.378216035474523 0.336921744079129 0.539387833268703 0.440844094776389 0.489570644988768 0.460416285877381 0.416536664940269 0.389408007123735 0.451264969282314 0.551830340505748 0.419674002576119 0.529126948097529 0.415772951638278 0.307051297748629 0.512741681158158
"HD.Adjusted" 0.57271206138472 0.553421168619805 0.549383883803834 0.502720414706504 0.557313490663426 0.601023154846249 0.581614287409891 0.58724475053936 0.474749147025779 1 0.558194021979683 0.521515079024049 0.461608108703929 0.552849595926053 0.468181461890497 0.520152930715903 0.563559134568188 0.471594402237066 0.504381471285952 0.576161890031866 0.481305471766654 0.503836684215875 0.497495464199812 0.530708508603325 0.485842970160546 0.580803082909206 0.454562381885922 0.481846848738419 0.520375018433161
"IBM.Adjusted" 0.592013237315989 0.59799931172034 0.612140604008259 0.59505099463509 0.599745665539595 0.635100833997006 0.615898782861301 0.621823296369894 0.481135392373286 0.558194021979683 1 0.61924406974236 0.609454770345784 0.556356340715467 0.587939823078233 0.516298431581112 0.646191197966937 0.540093399586547 0.633683702642577 0.57783507140421 0.546520634172847 0.588291048592625 0.639772489321182 0.576912279616855 0.533106640604274 0.686317911287336 0.569043407368311 0.428744757317724 0.607951689001397
"INTC.Adjusted" 0.532114711779229 0.52269898070108 0.550893863805984 0.623824451121542 0.529629274409615 0.55337248064104 0.551288251818238 0.576512733884166 0.48047459836992 0.521515079024049 0.61924406974236 1 0.505085734182026 0.549611579330324 0.482257934768736 0.43711913188796 0.576940078740701 0.473760239449383 0.625425098684342 0.531811481278255 0.48691024710965 0.48763680716706 0.502094302762098 0.544266315642803 0.450737236683134 0.583279885789781 0.44439016745572 0.423440877487653 0.551069860197392
"JNJ.Adjusted" 0.52417729593702 0.564536305790882 0.52851614157481 0.495350425932187 0.604025564517341 0.595252352684777 0.547868750905254 0.588969068955274 0.436308300735395 0.461608108703929 0.609454770345784 0.505085734182026 1 0.521687495835074 0.582901993322659 0.463133784662209 0.617135503658991 0.623958196615284 0.499609543801828 0.496362625497647 0.585207024121754 0.610248963536777 0.590760470614217 0.561246195201874 0.516337163892591 0.6105663994215 0.574148272103955 0.481302349999989 0.609192403923932
"JPM.Adjusted" 0.700554752760355 0.609920119055631 0.604749767484166 0.56009066984568 0.599359758319444 0.636393686251453 0.658408043434651 0.729946187814247 0.765612258933984 0.552849595926053 0.556356340715467 0.549611579330324 0.521687495835074 1 0.451607339722132 0.362972040984008 0.624684896533691 0.518036643299333 0.543204442354325 0.528351092959254 0.514565973159983 0.485298406612488 0.561996322573583 0.627730585610201 0.470427455984897 0.616255807418911 0.51091775495396 0.375894770820327 0.623103773916508
"KO.Adjusted" 0.479262477354964 0.499527468836244 0.514141909222714 0.441414229679758 0.577559595633502 0.56014451375332 0.502546770863586 0.556285457581324 0.378216035474523 0.468181461890497 0.587939823078233 0.482257934768736 0.582901993322659 0.451607339722132 1 0.506095348678549 0.546333761076468 0.534648104006101 0.492530594737453 0.518359094424654 0.478745862063415 0.585819241205975 0.55491200420549 0.566626298964512 0.481836884739047 0.594846961653927 0.533804398913452 0.458511602775934 0.595537195978646
"MCD.Adjusted" 0.468177943716049 0.473582225566202 0.466471541594085 0.447918758574894 0.507859762370101 0.534107906951165 0.496742633570097 0.484437437563932 0.336921744079129 0.520152930715903 0.516298431581112 0.43711913188796 0.463133784662209 0.362972040984008 0.506095348678549 1 0.528544300276638 0.468513809398918 0.462702962013289 0.548193817531697 0.472911525316781 0.487787446031292 0.496789022268846 0.474600107938379 0.425013599456987 0.531125607821902 0.458382482645852 0.484368758710495 0.498712310600296
"MMM.Adjusted" 0.632063410449142 0.649923960414665 0.720298979589568 0.617612888976666 0.689042691435172 0.713757653435184 0.686580488231544 0.702984160115691 0.539387833268703 0.563559134568188 0.646191197966937 0.576940078740701 0.617135503658991 0.624684896533691 0.546333761076468 0.528544300276638 1 0.579872289895558 0.586128228816215 0.644652794287014 0.553457977310366 0.528185789792594 0.540548644654578 0.635308559137447 0.494728347442627 0.752947967689784 0.545437140924321 0.477616044260676 0.661794105258585
"MRK.Adjusted" 0.531242866787011 0.532674001180395 0.541141234775499 0.460590189326596 0.576096491541624 0.585173287536718 0.560430981570241 0.558092080629969 0.440844094776389 0.471594402237066 0.540093399586547 0.473760239449383 0.623958196615284 0.518036643299333 0.534648104006101 0.468513809398918 0.579872289895558 1 0.449456297951966 0.473044310282156 0.67230335463413 0.537138721114263 0.552005134324199 0.524231588645922 0.509721288734464 0.575626200717245 0.521367390182714 0.442837170390121 0.569801999025814
"MSFT.Adjusted" 0.559554881668826 0.544456470102092 0.552469754829526 0.623571203479953 0.55395354494971 0.595292047970873 0.564373310100141 0.593579970199103 0.489570644988768 0.504381471285952 0.633683702642577 0.625425098684342 0.499609543801828 0.543204442354325 0.492530594737453 0.462702962013289 0.586128228816215 0.449456297951966 1 0.546391933037171 0.491217125616753 0.521548769230434 0.536564390224033 0.486792668858197 0.435632783690352 0.60751622667015 0.46251628846445 0.445135010951773 0.608797260583504
"NKE.Adjusted" 0.540146629899683 0.581148872027097 0.613053597322243 0.582288438665067 0.547845599669311 0.638989841708819 0.620512345119512 0.588306603318604 0.460416285877381 0.576161890031866 0.57783507140421 0.531811481278255 0.496362625497647 0.528351092959254 0.518359094424654 0.548193817531697 0.644652794287014 0.473044310282156 0.546391933037171 1 0.45654853809166 0.477802715907679 0.492682263155845 0.558423791802529 0.443274649041671 0.618059784106764 0.469403281787044 0.445167879589089 0.536970477224006
"PFE.Adjusted" 0.504039784575458 0.525531365609643 0.501121549758949 0.485964975180791 0.577537140330634 0.572115145439261 0.534650481206044 0.558296554176788 0.416536664940269 0.481305471766654 0.546520634172847 0.48691024710965 0.585207024121754 0.514565973159983 0.478745862063415 0.472911525316781 0.553457977310366 0.67230335463413 0.491217125616753 0.45654853809166 1 0.458955815045989 0.491310427545713 0.520224536611416 0.511279895016143 0.546384542389395 0.452274026223432 0.398535721582121 0.576515211466129
"PG.Adjusted" 0.498505243037938 0.504926572305594 0.470506086773183 0.480186740630325 0.520822224044861 0.51358291887798 0.514599539734495 0.563347824800442 0.389408007123735 0.503836684215875 0.588291048592625 0.48763680716706 0.610248963536777 0.485298406612488 0.585819241205975 0.487787446031292 0.528185789792594 0.537138721114263 0.521548769230434 0.477802715907679 0.458955815045989 1 0.604859928123534 0.534702971174226 0.40620441875708 0.569265312288784 0.560191189201652 0.522383490923703 0.568827887574068
"T.Adjusted" 0.536396863020111 0.520809270310688 0.531579169863254 0.491373854218911 0.604305588768236 0.617017762604852 0.578643463745134 0.5908903047427 0.451264969282314 0.497495464199812 0.639772489321182 0.502094302762098 0.590760470614217 0.561996322573583 0.55491200420549 0.496789022268846 0.540548644654578 0.552005134324199 0.536564390224033 0.492682263155845 0.491310427545713 0.604859928123534 1 0.549033072334094 0.462672865703143 0.568843049798382 0.716065578902774 0.445784718370859 0.625915742527504
"TRV.Adjusted" 0.557225188087152 0.553607588538994 0.562846296089874 0.530977947615592 0.551848524682589 0.625953931585131 0.597134210954724 0.569582011322828 0.551830340505748 0.530708508603325 0.576912279616855 0.544266315642803 0.561246195201874 0.627730585610201 0.566626298964512 0.474600107938379 0.635308559137447 0.524231588645922 0.486792668858197 0.558423791802529 0.520224536611416 0.534702971174226 0.549033072334094 1 0.454521022214644 0.611099054720891 0.51628077865402 0.490165668063245 0.572510336043531
"UNH.Adjusted" 0.45263592395507 0.49408097438596 0.47809553005052 0.472316860049713 0.519143594598844 0.512777739412427 0.479908694898752 0.507671694975235 0.419674002576119 0.485842970160546 0.533106640604274 0.450737236683134 0.516337163892591 0.470427455984897 0.481836884739047 0.425013599456987 0.494728347442627 0.509721288734464 0.435632783690352 0.443274649041671 0.511279895016143 0.40620441875708 0.462672865703143 0.454521022214644 1 0.543738711644915 0.372175759015132 0.344147417025042 0.561092562562949
"UTX.Adjusted" 0.643234305064746 0.724169461601639 0.772442871588078 0.634230464564996 0.663411578230091 0.725834883263728 0.712507125154207 0.708354837399271 0.529126948097529 0.580803082909206 0.686317911287336 0.583279885789781 0.6105663994215 0.616255807418911 0.594846961653927 0.531125607821902 0.752947967689784 0.575626200717245 0.60751622667015 0.618059784106764 0.546384542389395 0.569265312288784 0.568843049798382 0.611099054720891 0.543738711644915 1 0.543086022824897 0.499138548459233 0.675912170424753
"VZ.Adjusted" 0.476592742633248 0.452019999348029 0.501829422454146 0.441618620155085 0.541412266472001 0.558801690299297 0.521750830763699 0.577695052480466 0.415772951638278 0.454562381885922 0.569043407368311 0.44439016745572 0.574148272103955 0.51091775495396 0.533804398913452 0.458382482645852 0.545437140924321 0.521367390182714 0.46251628846445 0.469403281787044 0.452274026223432 0.560191189201652 0.716065578902774 0.51628077865402 0.372175759015132 0.543086022824897 1 0.453061161173098 0.529638539390835
"WMT.Adjusted" 0.392223727337291 0.38925997064815 0.408072833216519 0.452625114818145 0.445539764569072 0.458802143155192 0.423710976121884 0.459095323319697 0.307051297748629 0.481846848738419 0.428744757317724 0.423440877487653 0.481302349999989 0.375894770820327 0.458511602775934 0.484368758710495 0.477616044260676 0.442837170390121 0.445135010951773 0.445167879589089 0.398535721582121 0.522383490923703 0.445784718370859 0.490165668063245 0.344147417025042 0.499138548459233 0.453061161173098 1 0.455463646594442
"XOM.Adjusted" 0.574640840599309 0.593579239390421 0.661257598505543 0.56966910854713 0.837356632800259 0.686880991430731 0.609473628118865 0.656361816123176 0.512741681158158 0.520375018433161 0.607951689001397 0.551069860197392 0.609192403923932 0.623103773916508 0.595537195978646 0.498712310600296 0.661794105258585 0.569801999025814 0.608797260583504 0.536970477224006 0.576515211466129 0.568827887574068 0.625915742527504 0.572510336043531 0.561092562562949 0.675912170424753 0.529638539390835 0.455463646594442 1
