"AXP.Adjusted" "BA.Adjusted" "CAT.Adjusted" "CSCO.Adjusted" "CVX.Adjusted" "DD.Adjusted" "DIS.Adjusted" "GE.Adjusted" "GS.Adjusted" "HD.Adjusted" "IBM.Adjusted" "INTC.Adjusted" "JNJ.Adjusted" "JPM.Adjusted" "KO.Adjusted" "MCD.Adjusted" "MMM.Adjusted" "MRK.Adjusted" "MSFT.Adjusted" "NKE.Adjusted" "PFE.Adjusted" "PG.Adjusted" "T.Adjusted" "TRV.Adjusted" "UNH.Adjusted" "UTX.Adjusted" "VZ.Adjusted" "WMT.Adjusted" "XOM.Adjusted"
"AXP.Adjusted" 1 0.440495097075948 0.426144539582928 0.295147630904602 0.495868854951832 0.495406942408277 0.46828315165815 0.489704275155559 0.517004024125069 0.443684893782488 0.26178485890592 0.411822596965548 0.442015963482043 0.519450383825884 0.445955717345028 0.338957941333071 0.566612965332839 0.300655135676556 0.373039323355757 0.35803751802115 0.351786623695069 0.327303339512575 0.396144413561333 0.459080547600695 0.229591886108992 0.536363323076749 0.371041409369858 0.268512457887936 0.49440272303778
"BA.Adjusted" 0.440495097075948 1 0.363913999619613 0.256613038895641 0.386235133205682 0.483212168498248 0.384216415657925 0.421018244417613 0.377477993056027 0.343280803829233 0.314193296131365 0.331710900874438 0.376305775077973 0.352413055053635 0.361234983260294 0.295944697096666 0.518815309632594 0.266778952483382 0.300235513149548 0.267511776127334 0.309201029841948 0.245374997522063 0.245933107579478 0.389686463041744 0.255035630705547 0.586516112815586 0.244339361646 0.188037293332061 0.409226138285404
"CAT.Adjusted" 0.426144539582928 0.363913999619613 1 0.337600131795497 0.505629949334613 0.533755142355306 0.399025602168782 0.544026526734826 0.533555198953251 0.355424177290999 0.333844882259269 0.40113209540645 0.304105610893806 0.455541664996119 0.293820983031705 0.313164636454079 0.583440769490063 0.254815194769245 0.395677368731936 0.254394096866153 0.275581327783098 0.246785595313507 0.329756724587237 0.412814173455485 0.232626091036409 0.592216719492632 0.23372476681542 0.156778716565638 0.545027931999588
"CSCO.Adjusted" 0.295147630904602 0.256613038895641 0.337600131795497 1 0.332339631731252 0.348723097300106 0.265189798670117 0.340903755724291 0.34485593367238 0.214507879298748 0.352742619819826 0.342357898720595 0.253539031685219 0.310967983708056 0.258714193900483 0.226421625198682 0.384515757443609 0.192346825918427 0.318359224097886 0.147665156799751 0.184477862702041 0.173150048410866 0.220374675653879 0.266081237693532 0.190270285358136 0.370675996715008 0.0974142208212893 0.0795113256219166 0.352822304804617
"CVX.Adjusted" 0.495868854951832 0.386235133205682 0.505629949334613 0.332339631731252 1 0.561576821544215 0.457148260844713 0.588113843932685 0.53506491047156 0.369903333970769 0.434055112896832 0.416454624793375 0.498619341488563 0.469132147439606 0.489037238902884 0.364293735757764 0.602089425253878 0.389740691347818 0.371434515072119 0.259673434392959 0.421847718094138 0.410814590970866 0.402053467287666 0.477210963721348 0.320341723336848 0.561073039697975 0.343750263927623 0.252060888274952 0.758375932154619
"DD.Adjusted" 0.495406942408277 0.483212168498248 0.533755142355306 0.348723097300106 0.561576821544215 1 0.499262702807113 0.534397118514424 0.519690621915459 0.395734831910961 0.42348866395502 0.400905198387376 0.471877879076266 0.474756425958613 0.415597398726201 0.329889038036929 0.646373884800716 0.332228093930453 0.384170133479863 0.282223404294719 0.368146936616759 0.314220647650449 0.354753617877148 0.493198093999606 0.270886870076657 0.575040146024471 0.306758668502025 0.23735161009717 0.554706320178683
"DIS.Adjusted" 0.46828315165815 0.384216415657925 0.399025602168782 0.265189798670117 0.457148260844713 0.499262702807113 1 0.476679133301345 0.443553620600524 0.462106286782798 0.324318914183812 0.377785110568532 0.464908397718282 0.423267860462093 0.498696587524112 0.33505759252097 0.558332882564129 0.338754856862743 0.363344210044373 0.325775994219475 0.455484223495877 0.387770819615347 0.41679897249246 0.478887070349238 0.317356286351863 0.52352535057203 0.341999651102855 0.331279158948955 0.485074323617248
"GE.Adjusted" 0.489704275155559 0.421018244417613 0.544026526734826 0.340903755724291 0.588113843932685 0.534397118514424 0.476679133301345 1 0.546680294351097 0.426369844460508 0.449739861489098 0.376375091003563 0.445643438028209 0.526621951960487 0.443008795991088 0.385532436818904 0.625634215017978 0.32882468491172 0.31820380818062 0.267319373676696 0.436495872983672 0.357126300627009 0.410983229985045 0.512513452569409 0.326049401606635 0.527853556313585 0.374911707995068 0.265287215248988 0.582958886007014
"GS.Adjusted" 0.517004024125069 0.377477993056027 0.533555198953251 0.34485593367238 0.53506491047156 0.519690621915459 0.443553620600524 0.546680294351097 1 0.348358253965468 0.416205172641638 0.387446092710508 0.400941940246622 0.741941202424361 0.326512059346133 0.273836156144826 0.553507663951928 0.320552483694428 0.358346093453245 0.28300313593842 0.330362229805215 0.273691829311956 0.349663134290284 0.465875779322676 0.280343387741587 0.535069462438926 0.256392506343301 0.234567561986932 0.559475547968742
"HD.Adjusted" 0.443684893782488 0.343280803829233 0.355424177290999 0.214507879298748 0.369903333970769 0.395734831910961 0.462106286782798 0.426369844460508 0.348358253965468 1 0.297859664791231 0.315064274669272 0.407766837864683 0.34162172435709 0.379965784509847 0.289183059898481 0.482800726484068 0.27482651751854 0.277786343019493 0.283277726705272 0.313176352395769 0.318846142978905 0.310273579202233 0.353831668781119 0.237688932957039 0.469646424068018 0.272115538949874 0.260238875853727 0.468188902464214
"IBM.Adjusted" 0.26178485890592 0.314193296131365 0.333844882259269 0.352742619819826 0.434055112896832 0.42348866395502 0.324318914183812 0.449739861489098 0.416205172641638 0.297859664791231 1 0.401074382142134 0.300577101653787 0.345880029829198 0.320178170379641 0.351502310991048 0.432627235537431 0.201165529760455 0.344036263297925 0.211302344728071 0.214325293463019 0.212261186168804 0.270171509421931 0.34867149737106 0.311629310532973 0.41504477951581 0.158593960464985 0.167532833689132 0.418945989937239
"INTC.Adjusted" 0.411822596965548 0.331710900874438 0.40113209540645 0.342357898720595 0.416454624793375 0.400905198387376 0.377785110568532 0.376375091003563 0.387446092710508 0.315064274669272 0.401074382142134 1 0.310021113964424 0.383032423420779 0.358729406429486 0.285168390565959 0.49225675264249 0.291262006580124 0.440868793069194 0.245162021188325 0.339585078356511 0.186612446552916 0.341499879771127 0.31339193317359 0.167440462915953 0.439735435725191 0.243834885547857 0.155701308882473 0.421655418748792
"JNJ.Adjusted" 0.442015963482043 0.376305775077973 0.304105610893806 0.253539031685219 0.498619341488563 0.471877879076266 0.464908397718282 0.445643438028209 0.400941940246622 0.407766837864683 0.300577101653787 0.310021113964424 1 0.40779124589895 0.512233985885363 0.39540873301253 0.526232749756615 0.45271032135209 0.284583773917048 0.270311964618018 0.536282718159188 0.502944584237869 0.478576296027516 0.467567759656792 0.301013283072629 0.482447139238055 0.431083386263078 0.358825018706555 0.513104607875629
"JPM.Adjusted" 0.519450383825884 0.352413055053635 0.455541664996119 0.310967983708056 0.469132147439606 0.474756425958613 0.423267860462093 0.526621951960487 0.741941202424361 0.34162172435709 0.345880029829198 0.383032423420779 0.40779124589895 1 0.370277007353623 0.25724661558803 0.488378837954905 0.309172801103045 0.333531456190374 0.291285519874806 0.341265347743268 0.264042123185154 0.340842462539059 0.457651833810065 0.315525043327669 0.477968282813324 0.261989844741132 0.197573368579334 0.484745491815758
"KO.Adjusted" 0.445955717345028 0.361234983260294 0.293820983031705 0.258714193900483 0.489037238902884 0.415597398726201 0.498696587524112 0.443008795991088 0.326512059346133 0.379965784509847 0.320178170379641 0.358729406429486 0.512233985885363 0.370277007353623 1 0.397186097415479 0.491830389651026 0.366462693267414 0.293800967906329 0.254067718274018 0.452584983328538 0.478460298157511 0.449075740656845 0.452310543139097 0.250438977305001 0.43728188024336 0.396149722233545 0.332405013266946 0.477164928714533
"MCD.Adjusted" 0.338957941333071 0.295944697096666 0.313164636454079 0.226421625198682 0.364293735757764 0.329889038036929 0.33505759252097 0.385532436818904 0.273836156144826 0.289183059898481 0.351502310991048 0.285168390565959 0.39540873301253 0.25724661558803 0.397186097415479 1 0.377902167999431 0.318746792240189 0.260305327459192 0.297375198134627 0.29651606616169 0.298545536212026 0.294953748993589 0.358067166577723 0.212783288091108 0.358137336904963 0.262609723457925 0.239755951356626 0.387902157917447
"MMM.Adjusted" 0.566612965332839 0.518815309632594 0.583440769490063 0.384515757443609 0.602089425253878 0.646373884800716 0.558332882564129 0.625634215017978 0.553507663951928 0.482800726484068 0.432627235537431 0.49225675264249 0.526232749756615 0.488378837954905 0.491830389651026 0.377902167999431 1 0.376710883473919 0.387776646167485 0.324937016778402 0.457352588141671 0.417965821838785 0.437525200300254 0.541631322107256 0.306102316876111 0.690206615680393 0.331702576904088 0.254180501627097 0.649843513548236
"MRK.Adjusted" 0.300655135676556 0.266778952483382 0.254815194769245 0.192346825918427 0.389740691347818 0.332228093930453 0.338754856862743 0.32882468491172 0.320552483694428 0.27482651751854 0.201165529760455 0.291262006580124 0.45271032135209 0.309172801103045 0.366462693267414 0.318746792240189 0.376710883473919 1 0.207488931420565 0.181107637416777 0.494270910831316 0.405062876667177 0.372603201364748 0.328343189078597 0.166054204106035 0.336316845512803 0.324058599767848 0.257448677591261 0.402798738710543
"MSFT.Adjusted" 0.373039323355757 0.300235513149548 0.395677368731936 0.318359224097886 0.371434515072119 0.384170133479863 0.363344210044373 0.31820380818062 0.358346093453245 0.277786343019493 0.344036263297925 0.440868793069194 0.284583773917048 0.333531456190374 0.293800967906329 0.260305327459192 0.387776646167485 0.207488931420565 1 0.224891301881267 0.210492565687 0.190072989079899 0.253925190404412 0.325051273580269 0.233454142450908 0.400443488052246 0.227612356445956 0.177146833579873 0.379336482795084
"NKE.Adjusted" 0.35803751802115 0.267511776127334 0.254394096866153 0.147665156799751 0.259673434392959 0.282223404294719 0.325775994219475 0.267319373676696 0.28300313593842 0.283277726705272 0.211302344728071 0.245162021188325 0.270311964618018 0.291285519874806 0.254067718274018 0.297375198134627 0.324937016778402 0.181107637416777 0.224891301881267 1 0.181824593805258 0.166662387027257 0.20579572259955 0.253607311208214 0.173250967462523 0.338999183172903 0.181485852622559 0.161491780257765 0.254190157464439
"PFE.Adjusted" 0.351786623695069 0.309201029841948 0.275581327783098 0.184477862702041 0.421847718094138 0.368146936616759 0.455484223495877 0.436495872983672 0.330362229805215 0.313176352395769 0.214325293463019 0.339585078356511 0.536282718159188 0.341265347743268 0.452584983328538 0.29651606616169 0.457352588141671 0.494270910831316 0.210492565687 0.181824593805258 1 0.458812549976724 0.411557510650291 0.41949409929269 0.245146543597666 0.380993519426371 0.373122580339193 0.295634008481679 0.443403185913897
"PG.Adjusted" 0.327303339512575 0.245374997522063 0.246785595313507 0.173150048410866 0.410814590970866 0.314220647650449 0.387770819615347 0.357126300627009 0.273691829311956 0.318846142978905 0.212261186168804 0.186612446552916 0.502944584237869 0.264042123185154 0.478460298157511 0.298545536212026 0.417965821838785 0.405062876667177 0.190072989079899 0.166662387027257 0.458812549976724 1 0.433941873042637 0.389754818880337 0.216697874782556 0.36486756732054 0.367072191790669 0.344822667471343 0.405824861605633
"T.Adjusted" 0.396144413561333 0.245933107579478 0.329756724587237 0.220374675653879 0.402053467287666 0.354753617877148 0.41679897249246 0.410983229985045 0.349663134290284 0.310273579202233 0.270171509421931 0.341499879771127 0.478576296027516 0.340842462539059 0.449075740656845 0.294953748993589 0.437525200300254 0.372603201364748 0.253925190404412 0.20579572259955 0.411557510650291 0.433941873042637 1 0.407082750616165 0.196358391465933 0.390680298650692 0.70051579178151 0.309854560253688 0.41907090212847
"TRV.Adjusted" 0.459080547600695 0.389686463041744 0.412814173455485 0.266081237693532 0.477210963721348 0.493198093999606 0.478887070349238 0.512513452569409 0.465875779322676 0.353831668781119 0.34867149737106 0.31339193317359 0.467567759656792 0.457651833810065 0.452310543139097 0.358067166577723 0.541631322107256 0.328343189078597 0.325051273580269 0.253607311208214 0.41949409929269 0.389754818880337 0.407082750616165 1 0.322313080042908 0.494928119166017 0.380023916131321 0.291799733807135 0.501712374807954
"UNH.Adjusted" 0.229591886108992 0.255035630705547 0.232626091036409 0.190270285358136 0.320341723336848 0.270886870076657 0.317356286351863 0.326049401606635 0.280343387741587 0.237688932957039 0.311629310532973 0.167440462915953 0.301013283072629 0.315525043327669 0.250438977305001 0.212783288091108 0.306102316876111 0.166054204106035 0.233454142450908 0.173250967462523 0.245146543597666 0.216697874782556 0.196358391465933 0.322313080042908 1 0.357822551206578 0.152114625678501 0.167001960047512 0.30877552919503
"UTX.Adjusted" 0.536363323076749 0.586516112815586 0.592216719492632 0.370675996715008 0.561073039697975 0.575040146024471 0.52352535057203 0.527853556313585 0.535069462438926 0.469646424068018 0.41504477951581 0.439735435725191 0.482447139238055 0.477968282813324 0.43728188024336 0.358137336904963 0.690206615680393 0.336316845512803 0.400443488052246 0.338999183172903 0.380993519426371 0.36486756732054 0.390680298650692 0.494928119166017 0.357822551206578 1 0.31026619085782 0.269491846763287 0.544209158588826
"VZ.Adjusted" 0.371041409369858 0.244339361646 0.23372476681542 0.0974142208212893 0.343750263927623 0.306758668502025 0.341999651102855 0.374911707995068 0.256392506343301 0.272115538949874 0.158593960464985 0.243834885547857 0.431083386263078 0.261989844741132 0.396149722233545 0.262609723457925 0.331702576904088 0.324058599767848 0.227612356445956 0.181485852622559 0.373122580339193 0.367072191790669 0.70051579178151 0.380023916131321 0.152114625678501 0.31026619085782 1 0.32056240398343 0.335342133810332
"WMT.Adjusted" 0.268512457887936 0.188037293332061 0.156778716565638 0.0795113256219166 0.252060888274952 0.23735161009717 0.331279158948955 0.265287215248988 0.234567561986932 0.260238875853727 0.167532833689132 0.155701308882473 0.358825018706555 0.197573368579334 0.332405013266946 0.239755951356626 0.254180501627097 0.257448677591261 0.177146833579873 0.161491780257765 0.295634008481679 0.344822667471343 0.309854560253688 0.291799733807135 0.167001960047512 0.269491846763287 0.32056240398343 1 0.262491930732347
"XOM.Adjusted" 0.49440272303778 0.409226138285404 0.545027931999588 0.352822304804617 0.758375932154619 0.554706320178683 0.485074323617248 0.582958886007014 0.559475547968742 0.468188902464214 0.418945989937239 0.421655418748792 0.513104607875629 0.484745491815758 0.477164928714533 0.387902157917447 0.649843513548236 0.402798738710543 0.379336482795084 0.254190157464439 0.443403185913897 0.405824861605633 0.41907090212847 0.501712374807954 0.30877552919503 0.544209158588826 0.335342133810332 0.262491930732347 1
