"AXP.Adjusted" "BA.Adjusted" "CAT.Adjusted" "CSCO.Adjusted" "CVX.Adjusted" "DD.Adjusted" "DIS.Adjusted" "GE.Adjusted" "GS.Adjusted" "HD.Adjusted" "IBM.Adjusted" "INTC.Adjusted" "JNJ.Adjusted" "JPM.Adjusted" "KO.Adjusted" "MCD.Adjusted" "MMM.Adjusted" "MRK.Adjusted" "MSFT.Adjusted" "NKE.Adjusted" "PFE.Adjusted" "PG.Adjusted" "T.Adjusted" "TRV.Adjusted" "UNH.Adjusted" "UTX.Adjusted" "VZ.Adjusted" "WMT.Adjusted" "XOM.Adjusted"
"AXP.Adjusted" 1 0.689307247348384 0.694489987787725 0.51617591563411 0.659396498886233 0.714341857396657 0.677386965145286 0.702403070162397 0.62826212935039 0.625855192410183 0.622873311038466 0.603668825815291 0.583656950058033 0.731452707514659 0.540277802950855 0.557695597217806 0.677243239187405 0.598515987248443 0.633885582920834 0.569177411908626 0.576630049476519 0.521818280955044 0.593185502375178 0.619069789636763 0.498638717104765 0.703916418616268 0.525349284727856 0.45793041195907 0.645879817864773
"BA.Adjusted" 0.689307247348384 1 0.70218229847565 0.52292647648254 0.667630488099981 0.718087647159687 0.708814800353465 0.699107098730375 0.558211309054948 0.605709083077334 0.643533651512024 0.588234446610173 0.611782729327879 0.659706758487081 0.580097395363245 0.558642665615427 0.687374346190952 0.576705837594641 0.615536657817446 0.593099281789557 0.596831349324233 0.551883067881847 0.58921730823461 0.605142052469432 0.551783873678271 0.773786518194781 0.481929727900487 0.462442394870684 0.670606246549578
"CAT.Adjusted" 0.694489987787725 0.70218229847565 1 0.546113670663004 0.778430616870349 0.815635205559829 0.701982472396639 0.714332845448777 0.564191371747726 0.591306903484238 0.658502685627897 0.626202831844314 0.604697146367885 0.682324547530197 0.592364562464357 0.548925945629456 0.751232971319561 0.589276947046275 0.614376536302636 0.618030920095652 0.586194496130508 0.528211874346811 0.588984885223821 0.62954143992685 0.531917472167336 0.82268846330793 0.556356193813322 0.477350362101944 0.71940924739403
"CSCO.Adjusted" 0.51617591563411 0.52292647648254 0.546113670663004 1 0.529399424765125 0.544135210673792 0.538650590997928 0.551312348391149 0.471226716291613 0.463193433348057 0.532809870411345 0.531714899106672 0.50205230013886 0.527978147293724 0.429941221505101 0.432971182920475 0.538780674633687 0.440706702438486 0.587526015214001 0.487864318243826 0.444543321189299 0.4586667920095 0.44647035612127 0.491115711210916 0.412492809174736 0.581629892000747 0.408098689029937 0.444213379386418 0.522128553782736
"CVX.Adjusted" 0.659396498886233 0.667630488099981 0.778430616870349 0.529399424765125 1 0.778562830503589 0.689183548376902 0.729917921726288 0.562407862204335 0.61986375230153 0.636706349714424 0.599888387372535 0.67114607665589 0.683878466969226 0.658255049318571 0.584630952765412 0.738347868948279 0.64208026883392 0.635341289217627 0.581015741750479 0.660657515712868 0.582229344627422 0.659975267286352 0.657274883872447 0.567823313537631 0.761140349643622 0.604988845205654 0.512649073356078 0.873275685647806
"DD.Adjusted" 0.714341857396657 0.718087647159687 0.815635205559829 0.544135210673792 0.778562830503589 1 0.729323989791376 0.747048747874908 0.606931597932138 0.630214683587244 0.671265461582567 0.614285218891753 0.657826635598551 0.716597154325225 0.638768424797703 0.609340140781565 0.755821268013829 0.630703803108433 0.650066257145505 0.626109955140561 0.647168403520193 0.579714861839088 0.670989299449157 0.673428589711769 0.557330265867917 0.791389727138099 0.603797656695697 0.511953243139432 0.756322210933634
"DIS.Adjusted" 0.677386965145286 0.708814800353465 0.701982472396639 0.538650590997928 0.689183548376902 0.729323989791376 1 0.719592256271125 0.589541975556908 0.610235973837054 0.641393490204371 0.598678193264978 0.60909089678686 0.695773415246221 0.579840861819834 0.543356217047871 0.720771208472565 0.60945510578714 0.61935965670416 0.584681912455708 0.586539994443675 0.557733777265086 0.618235931331939 0.652076781925686 0.535377035302209 0.761403883292215 0.553666610022244 0.511605799454222 0.68179999320563
"GE.Adjusted" 0.702403070162397 0.699107098730375 0.714332845448777 0.551312348391149 0.729917921726288 0.747048747874908 0.719592256271125 1 0.631205534640485 0.623845383456227 0.639241608346877 0.632043755116423 0.632097895618007 0.756382355170322 0.613559474279264 0.539763896976857 0.735313984824628 0.604587785862623 0.628253506196278 0.591167819133006 0.625468575473131 0.585632587782605 0.627982042990422 0.617324424087918 0.543197901387858 0.760889225925754 0.604862444399302 0.506966868872687 0.718836063879113
"GS.Adjusted" 0.62826212935039 0.558211309054948 0.564191371747726 0.471226716291613 0.562407862204335 0.606931597932138 0.589541975556908 0.631205534640485 1 0.475232052720345 0.472629377867746 0.50879846584575 0.510530189109198 0.805283113678747 0.418355276877183 0.38940041173753 0.577971409646635 0.475882002828756 0.524057313555634 0.42916204277583 0.469695310754386 0.410607287050567 0.483780242394089 0.584684209476241 0.462982600278737 0.568727818402197 0.430377582505212 0.363805521077523 0.553562315631742
"HD.Adjusted" 0.625855192410183 0.605709083077334 0.591306903484238 0.463193433348057 0.61986375230153 0.630214683587244 0.610235973837054 0.623845383456227 0.475232052720345 1 0.554626509997236 0.551101154799062 0.528439683215995 0.572329515701336 0.528024704435441 0.562758222137984 0.599303298813122 0.515791335933282 0.572723170024915 0.583322032866426 0.542268619092384 0.517592838599126 0.540830608001592 0.552035996396474 0.512947935539 0.636569330362571 0.487634865182362 0.556811328021931 0.588306492228116
"IBM.Adjusted" 0.622873311038466 0.643533651512024 0.658502685627897 0.532809870411345 0.636706349714424 0.671265461582567 0.641393490204371 0.639241608346877 0.472629377867746 0.554626509997236 1 0.637338929434657 0.60937750794778 0.582931492604415 0.631964144282838 0.549222992632298 0.658624788672334 0.57135232389951 0.675688682803253 0.555185578762355 0.584468817500446 0.586327869727465 0.648927803432805 0.58440681902598 0.544924348134887 0.715566882942824 0.56248501461602 0.456762532677321 0.664597384579965
"INTC.Adjusted" 0.603668825815291 0.588234446610173 0.626202831844314 0.531714899106672 0.599888387372535 0.614285218891753 0.598678193264978 0.632043755116423 0.50879846584575 0.551101154799062 0.637338929434657 1 0.552987249096257 0.581717327022868 0.538351399406922 0.474121251778839 0.610151850132528 0.517030604751047 0.660338645234751 0.548030323199629 0.515348234370742 0.512640197796336 0.532008507359879 0.573009967287772 0.467971480967022 0.649201527229684 0.476025425763299 0.433590830000723 0.602242118542511
"JNJ.Adjusted" 0.583656950058033 0.611782729327879 0.604697146367885 0.50205230013886 0.67114607665589 0.657826635598551 0.60909089678686 0.632097895618007 0.510530189109198 0.528439683215995 0.60937750794778 0.552987249096257 1 0.594582847139418 0.620892392280284 0.543888129818335 0.669779786304582 0.649040408064679 0.574127958665059 0.525707459983099 0.639527077860523 0.631033416375197 0.608935868667898 0.588163508539204 0.54196895698861 0.674994297392248 0.59879992385947 0.521479916354687 0.690573489975587
"JPM.Adjusted" 0.731452707514659 0.659706758487081 0.682324547530197 0.527978147293724 0.683878466969226 0.716597154325225 0.695773415246221 0.756382355170322 0.805283113678747 0.572329515701336 0.582931492604415 0.581717327022868 0.594582847139418 1 0.519021706888982 0.447966639516081 0.693551032791921 0.569255356636346 0.603736499309212 0.512195422198762 0.571645254085936 0.534469936901201 0.607556398218086 0.6790786100476 0.519170405381118 0.676149819865448 0.548024066044797 0.457382669490293 0.688735740854561
"KO.Adjusted" 0.540277802950855 0.580097395363245 0.592364562464357 0.429941221505101 0.658255049318571 0.638768424797703 0.579840861819834 0.613559474279264 0.418355276877183 0.528024704435441 0.631964144282838 0.538351399406922 0.620892392280284 0.519021706888982 1 0.585393695587298 0.605401494369619 0.57954674146285 0.560192972607849 0.538869337528867 0.545897552367132 0.633934262728475 0.603624561777219 0.608312148279093 0.520413027098264 0.662738118649317 0.560171804511477 0.534029494384997 0.683121758660738
"MCD.Adjusted" 0.557695597217806 0.558642665615427 0.548925945629456 0.432971182920475 0.584630952765412 0.609340140781565 0.543356217047871 0.539763896976857 0.38940041173753 0.562758222137984 0.549222992632298 0.474121251778839 0.543888129818335 0.447966639516081 0.585393695587298 1 0.583973078985493 0.528572889565718 0.537817326756371 0.60206922460432 0.538313945624146 0.533444709169804 0.543270985651816 0.550859533323224 0.470938044318462 0.605296771264211 0.484954761612369 0.520166276040996 0.573458400734886
"MMM.Adjusted" 0.677243239187405 0.687374346190952 0.751232971319561 0.538780674633687 0.738347868948279 0.755821268013829 0.720771208472565 0.735313984824628 0.577971409646635 0.599303298813122 0.658624788672334 0.610151850132528 0.669779786304582 0.693551032791921 0.605401494369619 0.583973078985493 1 0.609560305016806 0.629985868960701 0.627359082352742 0.616568028380453 0.578655875185266 0.590091045715035 0.667516802410036 0.529801266130831 0.794930833330196 0.589052963737399 0.526045577623413 0.709659385809473
"MRK.Adjusted" 0.598515987248443 0.576705837594641 0.589276947046275 0.440706702438486 0.64208026883392 0.630703803108433 0.60945510578714 0.604587785862623 0.475882002828756 0.515791335933282 0.57135232389951 0.517030604751047 0.649040408064679 0.569255356636346 0.57954674146285 0.528572889565718 0.609560305016806 1 0.526519847929906 0.487122318041255 0.701301587216435 0.552765391107016 0.582388094493256 0.569416013982686 0.549824599017602 0.615694265596869 0.53345128845872 0.488646525653834 0.640366120591462
"MSFT.Adjusted" 0.633885582920834 0.615536657817446 0.614376536302636 0.587526015214001 0.635341289217627 0.650066257145505 0.61935965670416 0.628253506196278 0.524057313555634 0.572723170024915 0.675688682803253 0.660338645234751 0.574127958665059 0.603736499309212 0.560192972607849 0.537817326756371 0.629985868960701 0.526519847929906 1 0.555619132111521 0.549135067953769 0.532673586960154 0.587683879275915 0.552176137419813 0.483092061070679 0.670844023002345 0.502057665504438 0.519692831488257 0.664578488456055
"NKE.Adjusted" 0.569177411908626 0.593099281789557 0.618030920095652 0.487864318243826 0.581015741750479 0.626109955140561 0.584681912455708 0.591167819133006 0.42916204277583 0.583322032866426 0.555185578762355 0.548030323199629 0.525707459983099 0.512195422198762 0.538869337528867 0.60206922460432 0.627359082352742 0.487122318041255 0.555619132111521 1 0.500962913842558 0.490182140189679 0.502887471589714 0.549109066461277 0.466763155185084 0.628069579629735 0.463692748211839 0.461874209741049 0.583558139481433
"PFE.Adjusted" 0.576630049476519 0.596831349324233 0.586194496130508 0.444543321189299 0.660657515712868 0.647168403520193 0.586539994443675 0.625468575473131 0.469695310754386 0.542268619092384 0.584468817500446 0.515348234370742 0.639527077860523 0.571645254085936 0.545897552367132 0.538313945624146 0.616568028380453 0.701301587216435 0.549135067953769 0.500962913842558 1 0.473334796378755 0.55327935171532 0.559278563366329 0.550302898841977 0.623483240353211 0.519391865332366 0.466508128665671 0.662273391682529
"PG.Adjusted" 0.521818280955044 0.551883067881847 0.528211874346811 0.4586667920095 0.582229344627422 0.579714861839088 0.557733777265086 0.585632587782605 0.410607287050567 0.517592838599126 0.586327869727465 0.512640197796336 0.631033416375197 0.534469936901201 0.633934262728475 0.533444709169804 0.578655875185266 0.552765391107016 0.532673586960154 0.490182140189679 0.473334796378755 1 0.632803262836983 0.565166688760068 0.407040782276936 0.625675015946441 0.563591710294833 0.541022618215421 0.63125663042407
"T.Adjusted" 0.593185502375178 0.58921730823461 0.588984885223821 0.44647035612127 0.659975267286352 0.670989299449157 0.618235931331939 0.627982042990422 0.483780242394089 0.540830608001592 0.648927803432805 0.532008507359879 0.608935868667898 0.607556398218086 0.603624561777219 0.543270985651816 0.590091045715035 0.582388094493256 0.587683879275915 0.502887471589714 0.55327935171532 0.632803262836983 1 0.60263840522183 0.515998989358444 0.623245230766194 0.71864566807952 0.49454123405979 0.687249425785362
"TRV.Adjusted" 0.619069789636763 0.605142052469432 0.62954143992685 0.491115711210916 0.657274883872447 0.673428589711769 0.652076781925686 0.617324424087918 0.584684209476241 0.552035996396474 0.58440681902598 0.573009967287772 0.588163508539204 0.6790786100476 0.608312148279093 0.550859533323224 0.667516802410036 0.569416013982686 0.552176137419813 0.549109066461277 0.559278563366329 0.565166688760068 0.60263840522183 1 0.544577037254704 0.647662655572413 0.548081242584562 0.527413051123721 0.659941484616406
"UNH.Adjusted" 0.498638717104765 0.551783873678271 0.531917472167336 0.412492809174736 0.567823313537631 0.557330265867917 0.535377035302209 0.543197901387858 0.462982600278737 0.512947935539 0.544924348134887 0.467971480967022 0.54196895698861 0.519170405381118 0.520413027098264 0.470938044318462 0.529801266130831 0.549824599017602 0.483092061070679 0.466763155185084 0.550302898841977 0.407040782276936 0.515998989358444 0.544577037254704 1 0.582542647541713 0.409771675396785 0.401632008031618 0.59931191435899
"UTX.Adjusted" 0.703916418616268 0.773786518194781 0.82268846330793 0.581629892000747 0.761140349643622 0.791389727138099 0.761403883292215 0.760889225925754 0.568727818402197 0.636569330362571 0.715566882942824 0.649201527229684 0.674994297392248 0.676149819865448 0.662738118649317 0.605296771264211 0.794930833330196 0.615694265596869 0.670844023002345 0.628069579629735 0.623483240353211 0.625675015946441 0.623245230766194 0.647662655572413 0.582542647541713 1 0.575402371869565 0.551121876845829 0.756994366298958
"VZ.Adjusted" 0.525349284727856 0.481929727900487 0.556356193813322 0.408098689029937 0.604988845205654 0.603797656695697 0.553666610022244 0.604862444399302 0.430377582505212 0.487634865182362 0.56248501461602 0.476025425763299 0.59879992385947 0.548024066044797 0.560171804511477 0.484954761612369 0.589052963737399 0.53345128845872 0.502057665504438 0.463692748211839 0.519391865332366 0.563591710294833 0.71864566807952 0.548081242584562 0.409771675396785 0.575402371869565 1 0.491084446921941 0.599960033845357
"WMT.Adjusted" 0.45793041195907 0.462442394870684 0.477350362101944 0.444213379386418 0.512649073356078 0.511953243139432 0.511605799454222 0.506966868872687 0.363805521077523 0.556811328021931 0.456762532677321 0.433590830000723 0.521479916354687 0.457382669490293 0.534029494384997 0.520166276040996 0.526045577623413 0.488646525653834 0.519692831488257 0.461874209741049 0.466508128665671 0.541022618215421 0.49454123405979 0.527413051123721 0.401632008031618 0.551121876845829 0.491084446921941 1 0.523056392153877
"XOM.Adjusted" 0.645879817864773 0.670606246549578 0.71940924739403 0.522128553782736 0.873275685647806 0.756322210933634 0.68179999320563 0.718836063879113 0.553562315631742 0.588306492228116 0.664597384579965 0.602242118542511 0.690573489975587 0.688735740854561 0.683121758660738 0.573458400734886 0.709659385809473 0.640366120591462 0.664578488456055 0.583558139481433 0.662273391682529 0.63125663042407 0.687249425785362 0.659941484616406 0.59931191435899 0.756994366298958 0.599960033845357 0.523056392153877 1
