"AXP.Adjusted" "BA.Adjusted" "CAT.Adjusted" "CSCO.Adjusted" "CVX.Adjusted" "DD.Adjusted" "DIS.Adjusted" "GE.Adjusted" "GS.Adjusted" "HD.Adjusted" "IBM.Adjusted" "INTC.Adjusted" "JNJ.Adjusted" "JPM.Adjusted" "KO.Adjusted" "MCD.Adjusted" "MMM.Adjusted" "MRK.Adjusted" "MSFT.Adjusted" "NKE.Adjusted" "PFE.Adjusted" "PG.Adjusted" "T.Adjusted" "TRV.Adjusted" "UNH.Adjusted" "UTX.Adjusted" "VZ.Adjusted" "WMT.Adjusted" "XOM.Adjusted"
"AXP.Adjusted" 1 0.32125186049302 0.39645070958321 0.429004661122754 0.421834246513473 0.528168540070017 0.492482524085792 0.623892649575524 0.66535588755331 0.476534572474715 0.411048371775124 0.442349785566458 0.356825199902234 0.729562519147475 0.445079386373823 0.391720615796692 0.36799692974264 0.411856739164955 0.413248138829221 0.419390689521247 0.397672166734075 0.404162778629176 0.44825804032903 0.570776788467164 0.216780292667729 0.450684605085877 0.477926774126091 0.467439964624762 0.456235050082154
"BA.Adjusted" 0.32125186049302 1 0.395621394976333 0.26373164588551 0.297992920367123 0.354226939551935 0.371748668613518 0.412355740065632 0.413289273665209 0.331091608262097 0.305264462846766 0.320614024596675 0.215916066130871 0.374886732282432 0.300381481982565 0.315146803135243 0.291116911722313 0.240248293133821 0.28334672374686 0.266877524579336 0.326284194034605 0.277032561467247 0.262105296853719 0.31628170685821 0.199454652729594 0.508228048488672 0.303206182741212 0.330886105743226 0.315298381879311
"CAT.Adjusted" 0.39645070958321 0.395621394976333 1 0.241340438114504 0.385579083684276 0.418722109400101 0.33043486582352 0.375668371654702 0.438196525378823 0.358213349842452 0.317335945197121 0.35996309434998 0.233154406034206 0.420251857596836 0.236654812507284 0.267208896300105 0.312032045614719 0.210817154197073 0.292132802212841 0.286821253319493 0.305273962673977 0.237905801624142 0.264614491022516 0.353636505074008 0.161661945630819 0.47928809581257 0.342887252930642 0.329427785574899 0.403555113270987
"CSCO.Adjusted" 0.429004661122754 0.26373164588551 0.241340438114504 1 0.241213965309824 0.373936828369977 0.351805270977171 0.427693091272513 0.40958644422682 0.337259516695428 0.466505496410955 0.464449100329071 0.239718710297377 0.365050977737796 0.341431623119523 0.250728898361593 0.313085090822026 0.296485367375389 0.376126376678057 0.256639977085126 0.349427805331538 0.248223680876606 0.313681166044133 0.284314359791964 0.100709004145863 0.289052301415602 0.384621601942644 0.346067123399063 0.291335809086629
"CVX.Adjusted" 0.421834246513473 0.297992920367123 0.385579083684276 0.241213965309824 1 0.391364055569218 0.358693636706753 0.353853598703748 0.391776336053078 0.289041675541655 0.304669441417827 0.314484529324412 0.229821770121335 0.431181844030781 0.366925030968782 0.252374533665247 0.346194699617473 0.234554231296511 0.282020103508425 0.305909864672608 0.298930238937069 0.267779934215829 0.376476530136889 0.371627400708905 0.145412074191313 0.356096709353261 0.345832754816697 0.237142857502676 0.873078594303788
"DD.Adjusted" 0.528168540070017 0.354226939551935 0.418722109400101 0.373936828369977 0.391364055569218 1 0.399827248922367 0.492801504490554 0.505555101738298 0.404475880985252 0.386226221463504 0.404965369377693 0.310565103391179 0.516993139150825 0.390029730882553 0.423918715103385 0.429124596131731 0.293046985674203 0.335358820031078 0.3897120338979 0.34095565885197 0.326437721182903 0.311644109747158 0.417000427486441 0.207803514521304 0.476557863495022 0.36460550130555 0.399357190219659 0.394755348633832
"DIS.Adjusted" 0.492482524085792 0.371748668613518 0.33043486582352 0.351805270977171 0.358693636706753 0.399827248922367 1 0.459050937800207 0.470066629704983 0.341369146781619 0.42163393479315 0.344383362550097 0.250737628421625 0.459058034386324 0.392215652809276 0.314991513182252 0.326743758936226 0.315883817823576 0.320506826370984 0.309685526214943 0.353999704056168 0.341265316848357 0.425321239828893 0.436488816695555 0.175633677915707 0.386864046702041 0.414018229668753 0.420996781170251 0.376373459043252
"GE.Adjusted" 0.623892649575524 0.412355740065632 0.375668371654702 0.427693091272513 0.353853598703748 0.492801504490554 0.459050937800207 1 0.549018135717811 0.446310427246692 0.495872932530162 0.460717085373768 0.456024822300238 0.604409511837852 0.457577945702899 0.344066450360275 0.472876623578213 0.397662471594069 0.452436217045075 0.370153400832127 0.475231627625907 0.448064585525839 0.459947636931139 0.508391506578515 0.241836271061032 0.466430462271381 0.514149225891613 0.470685189705455 0.412350142363535
"GS.Adjusted" 0.66535588755331 0.413289273665209 0.438196525378823 0.40958644422682 0.391776336053078 0.505555101738298 0.470066629704983 0.549018135717811 1 0.473129691229299 0.422473316896251 0.435698434667229 0.333044989960864 0.715494475594428 0.436241916286295 0.391874985958101 0.395018413130196 0.404758480704619 0.422497288854637 0.422918756809357 0.407545547482603 0.368235143973425 0.434465458421569 0.50955755044031 0.21327754036967 0.503097886234012 0.478511901641719 0.518980266157631 0.42690009138379
"HD.Adjusted" 0.476534572474715 0.331091608262097 0.358213349842452 0.337259516695428 0.289041675541655 0.404475880985252 0.341369146781619 0.446310427246692 0.473129691229299 1 0.416958663787158 0.363929789346732 0.314755683532547 0.478723451810372 0.320386778229767 0.307348593740805 0.312097191231499 0.256601836759329 0.315497557008615 0.370426569151841 0.350491305559347 0.253892987605741 0.370105279216694 0.429870170421 0.175085497824919 0.379467799234632 0.370671764174796 0.539627020791083 0.316150495456427
"IBM.Adjusted" 0.411048371775124 0.305264462846766 0.317335945197121 0.466505496410955 0.304669441417827 0.386226221463504 0.42163393479315 0.495872932530162 0.422473316896251 0.416958663787158 1 0.473133369882404 0.350864608196376 0.378336270544755 0.389880696263257 0.293762620462913 0.394372267994025 0.259196611796855 0.425342047688144 0.336584529175575 0.333112725483589 0.316598401968314 0.363024262175094 0.375991946855423 0.19786630166951 0.419639540571006 0.404598021277306 0.394491785185723 0.33844919741169
"INTC.Adjusted" 0.442349785566458 0.320614024596675 0.35996309434998 0.464449100329071 0.314484529324412 0.404965369377693 0.344383362550097 0.460717085373768 0.435698434667229 0.363929789346732 0.473133369882404 1 0.266001849958871 0.470199596698149 0.409494133925934 0.300046674351376 0.364167470047413 0.34317922468327 0.385794842294306 0.329558082969213 0.364050388131477 0.269666299359248 0.338215425544515 0.369972586959427 0.182235552480174 0.44513496297702 0.389135753947557 0.392660778815602 0.351463279119734
"JNJ.Adjusted" 0.356825199902234 0.215916066130871 0.233154406034206 0.239718710297377 0.229821770121335 0.310565103391179 0.250737628421625 0.456024822300238 0.333044989960864 0.314755683532547 0.350864608196376 0.266001849958871 1 0.370979864454596 0.405174974323088 0.274438513919595 0.260928542901746 0.396702986147589 0.253816072031702 0.260323015678998 0.422721796444835 0.38587697091011 0.333773003291433 0.365615640509945 0.24191964508476 0.270263105011711 0.376944974871546 0.412280160678952 0.25824755452361
"JPM.Adjusted" 0.729562519147475 0.374886732282432 0.420251857596836 0.365050977737796 0.431181844030781 0.516993139150825 0.459058034386324 0.604409511837852 0.715494475594428 0.478723451810372 0.378336270544755 0.470199596698149 0.370979864454596 1 0.473434757855981 0.391764658806986 0.399575468746781 0.398937731704641 0.376514909947186 0.404264616667417 0.472514094284984 0.420481173336842 0.466370667960916 0.615944536245595 0.260456684702074 0.513265272573938 0.47658256702195 0.491036881320888 0.464074653349635
"KO.Adjusted" 0.445079386373823 0.300381481982565 0.236654812507284 0.341431623119523 0.366925030968782 0.390029730882553 0.392215652809276 0.457577945702899 0.436241916286295 0.320386778229767 0.389880696263257 0.409494133925934 0.405174974323088 0.473434757855981 1 0.359194923180949 0.366412814336035 0.439926614279545 0.400845947074606 0.300813718096366 0.374066286223443 0.444799653563564 0.449515314969402 0.387486594299275 0.195429815455291 0.432540520510236 0.447495195951879 0.428168252232382 0.41442107261776
"MCD.Adjusted" 0.391720615796692 0.315146803135243 0.267208896300105 0.250728898361593 0.252374533665247 0.423918715103385 0.314991513182252 0.344066450360275 0.391874985958101 0.307348593740805 0.293762620462913 0.300046674351376 0.274438513919595 0.391764658806986 0.359194923180949 1 0.263976443025211 0.295590342894994 0.270342182152201 0.283508651155331 0.263058264641887 0.307622940313152 0.295988222050261 0.310823148645714 0.137466317382718 0.362022856468555 0.30021648993108 0.325880896613386 0.274119918812764
"MMM.Adjusted" 0.36799692974264 0.291116911722313 0.312032045614719 0.313085090822026 0.346194699617473 0.429124596131731 0.326743758936226 0.472876623578213 0.395018413130196 0.312097191231499 0.394372267994025 0.364167470047413 0.260928542901746 0.399575468746781 0.366412814336035 0.263976443025211 1 0.206867191012648 0.298530276791593 0.298794379068714 0.319981274855845 0.252945117459077 0.27629051232159 0.327287597601758 0.152356945917982 0.409298835486667 0.353654984947907 0.350026710014104 0.395213998686071
"MRK.Adjusted" 0.411856739164955 0.240248293133821 0.210817154197073 0.296485367375389 0.234554231296511 0.293046985674203 0.315883817823576 0.397662471594069 0.404758480704619 0.256601836759329 0.259196611796855 0.34317922468327 0.396702986147589 0.398937731704641 0.439926614279545 0.295590342894994 0.206867191012648 1 0.306811547153331 0.249635134401512 0.453100861777745 0.367866647805296 0.403786731464809 0.320299074341994 0.192969813389016 0.32175853314232 0.432424240640036 0.375352689535097 0.274712064791409
"MSFT.Adjusted" 0.413248138829221 0.28334672374686 0.292132802212841 0.376126376678057 0.282020103508425 0.335358820031078 0.320506826370984 0.452436217045075 0.422497288854637 0.315497557008615 0.425342047688144 0.385794842294306 0.253816072031702 0.376514909947186 0.400845947074606 0.270342182152201 0.298530276791593 0.306811547153331 1 0.266072602118515 0.278029607472397 0.338270025346103 0.31900473845561 0.309777309355661 0.146437873294381 0.375358759756398 0.397447331365139 0.348603137900254 0.350499213772939
"NKE.Adjusted" 0.419390689521247 0.266877524579336 0.286821253319493 0.256639977085126 0.305909864672608 0.3897120338979 0.309685526214943 0.370153400832127 0.422918756809357 0.370426569151841 0.336584529175575 0.329558082969213 0.260323015678998 0.404264616667417 0.300813718096366 0.283508651155331 0.298794379068714 0.249635134401512 0.266072602118515 1 0.267512050754205 0.28391185412812 0.334298722001705 0.357944901814905 0.221389547287382 0.39218503790423 0.29766984181764 0.301992908985432 0.317013822843189
"PFE.Adjusted" 0.397672166734075 0.326284194034605 0.305273962673977 0.349427805331538 0.298930238937069 0.34095565885197 0.353999704056168 0.475231627625907 0.407545547482603 0.350491305559347 0.333112725483589 0.364050388131477 0.422721796444835 0.472514094284984 0.374066286223443 0.263058264641887 0.319981274855845 0.453100861777745 0.278029607472397 0.267512050754205 1 0.294090306861103 0.354745845353286 0.35366495710979 0.217313542946462 0.327735174036861 0.46816434424479 0.425168544825381 0.331188979851575
"PG.Adjusted" 0.404162778629176 0.277032561467247 0.237905801624142 0.248223680876606 0.267779934215829 0.326437721182903 0.341265316848357 0.448064585525839 0.368235143973425 0.253892987605741 0.316598401968314 0.269666299359248 0.38587697091011 0.420481173336842 0.444799653563564 0.307622940313152 0.252945117459077 0.367866647805296 0.338270025346103 0.28391185412812 0.294090306861103 1 0.417499978877864 0.386396829418642 0.244871870754447 0.391048013009992 0.39717426218985 0.320343754243616 0.31661569385839
"T.Adjusted" 0.44825804032903 0.262105296853719 0.264614491022516 0.313681166044133 0.376476530136889 0.311644109747158 0.425321239828893 0.459947636931139 0.434465458421569 0.370105279216694 0.363024262175094 0.338215425544515 0.333773003291433 0.466370667960916 0.449515314969402 0.295988222050261 0.27629051232159 0.403786731464809 0.31900473845561 0.334298722001705 0.354745845353286 0.417499978877864 1 0.412790788767581 0.187210044967128 0.376326725455171 0.559082941994687 0.372053395871352 0.402993586894828
"TRV.Adjusted" 0.570776788467164 0.31628170685821 0.353636505074008 0.284314359791964 0.371627400708905 0.417000427486441 0.436488816695555 0.508391506578515 0.50955755044031 0.429870170421 0.375991946855423 0.369972586959427 0.365615640509945 0.615944536245595 0.387486594299275 0.310823148645714 0.327287597601758 0.320299074341994 0.309777309355661 0.357944901814905 0.35366495710979 0.386396829418642 0.412790788767581 1 0.172347878452858 0.437846435190217 0.388273591887956 0.468178535756078 0.388415766147694
"UNH.Adjusted" 0.216780292667729 0.199454652729594 0.161661945630819 0.100709004145863 0.145412074191313 0.207803514521304 0.175633677915707 0.241836271061032 0.21327754036967 0.175085497824919 0.19786630166951 0.182235552480174 0.24191964508476 0.260456684702074 0.195429815455291 0.137466317382718 0.152356945917982 0.192969813389016 0.146437873294381 0.221389547287382 0.217313542946462 0.244871870754447 0.187210044967128 0.172347878452858 1 0.259618676059812 0.203647153087945 0.170589657743813 0.14572955253567
"UTX.Adjusted" 0.450684605085877 0.508228048488672 0.47928809581257 0.289052301415602 0.356096709353261 0.476557863495022 0.386864046702041 0.466430462271381 0.503097886234012 0.379467799234632 0.419639540571006 0.44513496297702 0.270263105011711 0.513265272573938 0.432540520510236 0.362022856468555 0.409298835486667 0.32175853314232 0.375358759756398 0.39218503790423 0.327735174036861 0.391048013009992 0.376326725455171 0.437846435190217 0.259618676059812 1 0.377587681470945 0.401540831550942 0.39608904397554
"VZ.Adjusted" 0.477926774126091 0.303206182741212 0.342887252930642 0.384621601942644 0.345832754816697 0.36460550130555 0.414018229668753 0.514149225891613 0.478511901641719 0.370671764174796 0.404598021277306 0.389135753947557 0.376944974871546 0.47658256702195 0.447495195951879 0.30021648993108 0.353654984947907 0.432424240640036 0.397447331365139 0.29766984181764 0.46816434424479 0.39717426218985 0.559082941994687 0.388273591887956 0.203647153087945 0.377587681470945 1 0.447146431885985 0.361285420399439
"WMT.Adjusted" 0.467439964624762 0.330886105743226 0.329427785574899 0.346067123399063 0.237142857502676 0.399357190219659 0.420996781170251 0.470685189705455 0.518980266157631 0.539627020791083 0.394491785185723 0.392660778815602 0.412280160678952 0.491036881320888 0.428168252232382 0.325880896613386 0.350026710014104 0.375352689535097 0.348603137900254 0.301992908985432 0.425168544825381 0.320343754243616 0.372053395871352 0.468178535756078 0.170589657743813 0.401540831550942 0.447146431885985 1 0.297664029500538
"XOM.Adjusted" 0.456235050082154 0.315298381879311 0.403555113270987 0.291335809086629 0.873078594303788 0.394755348633832 0.376373459043252 0.412350142363535 0.42690009138379 0.316150495456427 0.33844919741169 0.351463279119734 0.25824755452361 0.464074653349635 0.41442107261776 0.274119918812764 0.395213998686071 0.274712064791409 0.350499213772939 0.317013822843189 0.331188979851575 0.31661569385839 0.402993586894828 0.388415766147694 0.14572955253567 0.39608904397554 0.361285420399439 0.297664029500538 1
