"AXP.Adjusted" "BA.Adjusted" "CAT.Adjusted" "CSCO.Adjusted" "CVX.Adjusted" "DD.Adjusted" "DIS.Adjusted" "GE.Adjusted" "GS.Adjusted" "HD.Adjusted" "IBM.Adjusted" "INTC.Adjusted" "JNJ.Adjusted" "JPM.Adjusted" "KO.Adjusted" "MCD.Adjusted" "MMM.Adjusted" "MRK.Adjusted" "MSFT.Adjusted" "NKE.Adjusted" "PFE.Adjusted" "PG.Adjusted" "T.Adjusted" "TRV.Adjusted" "UNH.Adjusted" "UTX.Adjusted" "VZ.Adjusted" "WMT.Adjusted" "XOM.Adjusted"
"AXP.Adjusted" 1 0.443372372363976 0.452157517121783 0.376581058755416 0.398841855741137 0.47887368410243 0.450166859955977 0.485565943101973 0.436947011773768 0.414393802129841 0.429733418538417 0.37940342195588 0.37600498763903 0.517918920127942 0.343828533199267 0.334845484495456 0.461281135376056 0.380219017558443 0.40235425940556 0.384152041966238 0.361025416637028 0.354013230956392 0.379872887910779 0.402070315979283 0.317457061522269 0.474588573156445 0.338280667790349 0.27699274964565 0.411253515766284
"BA.Adjusted" 0.443372372363976 1 0.488943236968393 0.398649159377422 0.423431028374978 0.503558185655091 0.503189261049961 0.470119859166233 0.376568971649919 0.392735277309752 0.436619107168091 0.371502650676356 0.409843504229051 0.443622191421041 0.35590693017483 0.334599590602473 0.478186947116901 0.38153508755945 0.391094245194193 0.420701353016919 0.377175231974647 0.356213017928859 0.372004580659018 0.399315158781396 0.347033368508901 0.550852237991892 0.321717280749275 0.27258131359933 0.429894597377424
"CAT.Adjusted" 0.452157517121783 0.488943236968393 1 0.424289771585159 0.534207453690555 0.599490339793145 0.479170364793777 0.500104590494177 0.365947174098268 0.397371213899889 0.450342985882134 0.393626983965619 0.381831165843161 0.440731185973089 0.36846507302162 0.330652255505635 0.542026139325306 0.390068600389048 0.397450109052251 0.449004386380132 0.359466787180922 0.333204472018841 0.375631238107385 0.404172141620691 0.336774422723605 0.589804781651144 0.354696559650152 0.287190775936019 0.486189676120177
"CSCO.Adjusted" 0.376581058755416 0.398649159377422 0.424289771585159 1 0.417551381223198 0.433696439794016 0.422251158241574 0.417929537849332 0.375037976925486 0.358680987898501 0.433360954384716 0.457309280090682 0.354215822366896 0.400107315190987 0.309881828696451 0.316365905640431 0.449178958685046 0.326473607020306 0.451965188860664 0.416604534802313 0.348198009974527 0.340696671960887 0.351485402456245 0.377239083696801 0.3330308628089 0.462473177776352 0.30799340262159 0.318553765759878 0.40922881826474
"CVX.Adjusted" 0.398841855741137 0.423431028374978 0.534207453690555 0.417551381223198 1 0.534417874830996 0.449901186971611 0.494611970920809 0.365110921770962 0.403398803540319 0.444520707382738 0.37776542870869 0.442251933856942 0.43437236211704 0.419403199604652 0.359480089287162 0.514301945302087 0.419906982433736 0.394041838470228 0.391870996244754 0.422209162818286 0.3746873794838 0.438801924413475 0.3983652293238 0.36736948003197 0.490763714398854 0.38415926411334 0.316461339346987 0.665120352367306
"DD.Adjusted" 0.47887368410243 0.503558185655091 0.599490339793145 0.433696439794016 0.534417874830996 1 0.509343232317392 0.526846651382342 0.393006761593658 0.434737327955854 0.468238533663857 0.39896147202592 0.43589409830917 0.467131631326498 0.403544348761265 0.385861654103039 0.539806775205904 0.421312167421384 0.434058802880008 0.468572240425795 0.415282223060086 0.370741482965932 0.443790393778601 0.456752183039423 0.367794236598469 0.552731547758415 0.399056275125135 0.326162682962376 0.509893647300516
"DIS.Adjusted" 0.450166859955977 0.503189261049961 0.479170364793777 0.422251158241574 0.449901186971611 0.509343232317392 1 0.505106010634162 0.403796314952005 0.416381983497154 0.45390641641618 0.396022740701233 0.396771420563865 0.481627436395425 0.362070531702072 0.357425188011454 0.511570294150163 0.405592199009056 0.407908543860274 0.456622841824572 0.383780843282302 0.365453118297587 0.413454904215294 0.430647605706068 0.33817484678887 0.530902377850752 0.369006197748728 0.298673736202168 0.444057861279285
"GE.Adjusted" 0.485565943101973 0.470119859166233 0.500104590494177 0.417929537849332 0.494611970920809 0.526846651382342 0.505106010634162 1 0.432330715643473 0.421182243200547 0.457534311488753 0.414221549078839 0.426774225094399 0.545218530337624 0.402733993805027 0.348522648862967 0.523960620099809 0.399561213667946 0.427385384467892 0.426917013017997 0.409439629122849 0.403826060257097 0.425232156668937 0.408413254808436 0.362254576969066 0.533243920345435 0.412009856010106 0.323657554304762 0.482312342320932
"GS.Adjusted" 0.436947011773768 0.376568971649919 0.365947174098268 0.375037976925486 0.365110921770962 0.393006761593658 0.403796314952005 0.432330715643473 1 0.33416041782774 0.348098095161036 0.336004557853132 0.308265843179216 0.587946636536203 0.266478359234094 0.234938166989628 0.38680536721011 0.309957830615978 0.34452724084806 0.320458203161981 0.290901489860915 0.272818360619679 0.31441737545904 0.399580262603312 0.294140155138665 0.377458966280534 0.28627112496757 0.211071531788037 0.361411564324559
"HD.Adjusted" 0.414393802129841 0.392735277309752 0.397371213899889 0.358680987898501 0.403398803540319 0.434737327955854 0.416381983497154 0.421182243200547 0.33416041782774 1 0.401928220541136 0.371144932223427 0.326434641636447 0.393372650424653 0.333818592869077 0.372142930450995 0.406318297708052 0.335132235066923 0.356195510671032 0.416511177862824 0.344277430353302 0.357574825144503 0.351083600958171 0.374104466126691 0.342067267906914 0.421901380998877 0.316228864638779 0.34583369500057 0.371202587894453
"IBM.Adjusted" 0.429733418538417 0.436619107168091 0.450342985882134 0.433360954384716 0.444520707382738 0.468238533663857 0.45390641641618 0.457534311488753 0.348098095161036 0.401928220541136 1 0.448516429349898 0.446004908957091 0.400523859706235 0.43169310730274 0.375855022886846 0.477881133816709 0.387193486589022 0.465297556819921 0.414162810816783 0.392759926334425 0.423630862610672 0.466558045599079 0.417518779061847 0.374860947889286 0.512867444041396 0.407543303120254 0.301971644637621 0.44680339091818
"INTC.Adjusted" 0.37940342195588 0.371502650676356 0.393626983965619 0.457309280090682 0.37776542870869 0.39896147202592 0.396022740701233 0.414221549078839 0.336004557853132 0.371144932223427 0.448516429349898 1 0.358677300518654 0.39092162178787 0.339814143310615 0.305086894970361 0.414208384168236 0.335114240908297 0.455254281312037 0.3762818603563 0.345761057034052 0.34267835030722 0.352016355702735 0.381719036765592 0.314209513971544 0.422013730359527 0.308471849488527 0.298420070855803 0.395372432185924
"JNJ.Adjusted" 0.37600498763903 0.409843504229051 0.381831165843161 0.354215822366896 0.442251933856942 0.43589409830917 0.396771420563865 0.426774225094399 0.308265843179216 0.326434641636447 0.446004908957091 0.358677300518654 1 0.374486652807009 0.429281033457498 0.332583773869323 0.449292629842592 0.456911108310566 0.351920088133733 0.355258020547991 0.424591056717903 0.446261821092738 0.428717415513285 0.411176164262331 0.369114967478522 0.448715522740248 0.41309923144063 0.339411537447033 0.446128538222757
"JPM.Adjusted" 0.517918920127942 0.443622191421041 0.440731185973089 0.400107315190987 0.43437236211704 0.467131631326498 0.481627436395425 0.545218530337624 0.587946636536203 0.393372650424653 0.400523859706235 0.39092162178787 0.374486652807009 1 0.321700503819398 0.254793904514426 0.453357318691521 0.365556445485007 0.387076668254155 0.374302777948361 0.369306639531727 0.342790418826404 0.401900061217231 0.457313056800054 0.331007222910753 0.449671604197837 0.359644453804998 0.26300736531877 0.454516765285996
"KO.Adjusted" 0.343828533199267 0.35590693017483 0.36846507302162 0.309881828696451 0.419403199604652 0.403544348761265 0.362070531702072 0.402733993805027 0.266478359234094 0.333818592869077 0.43169310730274 0.339814143310615 0.429281033457498 0.321700503819398 1 0.361508145963841 0.394533454314047 0.387855021569113 0.348983916231508 0.371384389445988 0.342335659889913 0.424627379026596 0.397752561169316 0.404690231075612 0.339841485798035 0.43733899562842 0.381723845769779 0.325317889400489 0.433063226052964
"MCD.Adjusted" 0.334845484495456 0.334599590602473 0.330652255505635 0.316365905640431 0.359480089287162 0.385861654103039 0.357425188011454 0.348522648862967 0.234938166989628 0.372142930450995 0.375855022886846 0.305086894970361 0.332583773869323 0.254793904514426 0.361508145963841 1 0.381159020269504 0.334937591812694 0.32622468385956 0.392173724533645 0.336444765073626 0.344914100893993 0.355875567689823 0.338624923588536 0.299915581188017 0.381043297253913 0.329274934962218 0.34069983053773 0.35625387082672
"MMM.Adjusted" 0.461281135376056 0.478186947116901 0.542026139325306 0.449178958685046 0.514301945302087 0.539806775205904 0.511570294150163 0.523960620099809 0.38680536721011 0.406318297708052 0.477881133816709 0.414208384168236 0.449292629842592 0.453357318691521 0.394533454314047 0.381159020269504 1 0.418614192624792 0.421388163501333 0.467737291595475 0.400037875699378 0.376532129926062 0.387292520930622 0.461566381167357 0.348968401294146 0.573137249588046 0.39036053485611 0.340584341294451 0.486368352634636
"MRK.Adjusted" 0.380219017558443 0.38153508755945 0.390068600389048 0.326473607020306 0.419906982433736 0.421312167421384 0.405592199009056 0.399561213667946 0.309957830615978 0.335132235066923 0.387193486589022 0.335114240908297 0.456911108310566 0.365556445485007 0.387855021569113 0.334937591812694 0.418614192624792 1 0.318784321161219 0.3325062430654 0.499203056476785 0.387117389736329 0.400340885806901 0.373002785437353 0.36409827539273 0.414551594559892 0.374244458688043 0.3102681037164 0.41284769220413
"MSFT.Adjusted" 0.40235425940556 0.391094245194193 0.397450109052251 0.451965188860664 0.394041838470228 0.434058802880008 0.407908543860274 0.427385384467892 0.34452724084806 0.356195510671032 0.465297556819921 0.455254281312037 0.351920088133733 0.387076668254155 0.348983916231508 0.32622468385956 0.421388163501333 0.318784321161219 1 0.386073428081702 0.348017517949274 0.371902750001908 0.385108559655756 0.344689916632443 0.303660047218408 0.441672584170079 0.328096521401348 0.315331024237835 0.439858774420362
"NKE.Adjusted" 0.384152041966238 0.420701353016919 0.449004386380132 0.416604534802313 0.391870996244754 0.468572240425795 0.456622841824572 0.426917013017997 0.320458203161981 0.416511177862824 0.414162810816783 0.3762818603563 0.355258020547991 0.374302777948361 0.371384389445988 0.392173724533645 0.467737291595475 0.3325062430654 0.386073428081702 1 0.323266835040048 0.335886896617184 0.345521403115624 0.396345433742273 0.308830200705497 0.449234944443776 0.325707278397407 0.313147690658953 0.383265090479963
"PFE.Adjusted" 0.361025416637028 0.377175231974647 0.359466787180922 0.348198009974527 0.422209162818286 0.415282223060086 0.383780843282302 0.409439629122849 0.290901489860915 0.344277430353302 0.392759926334425 0.345761057034052 0.424591056717903 0.369306639531727 0.342335659889913 0.336444765073626 0.400037875699378 0.499203056476785 0.348017517949274 0.323266835040048 1 0.331532997022965 0.350764083380559 0.373928825352185 0.362293570195136 0.397096420644471 0.322898335874755 0.277954440202499 0.417011541627846
"PG.Adjusted" 0.354013230956392 0.356213017928859 0.333204472018841 0.340696671960887 0.3746873794838 0.370741482965932 0.365453118297587 0.403826060257097 0.272818360619679 0.357574825144503 0.423630862610672 0.34267835030722 0.446261821092738 0.342790418826404 0.424627379026596 0.344914100893993 0.376532129926062 0.387117389736329 0.371902750001908 0.335886896617184 0.331532997022965 1 0.433800730563855 0.381322466342695 0.286751217992822 0.411540783135959 0.400176754255654 0.368531719647055 0.41463376153109
"T.Adjusted" 0.379872887910779 0.372004580659018 0.375631238107385 0.351485402456245 0.438801924413475 0.443790393778601 0.413454904215294 0.425232156668937 0.31441737545904 0.351083600958171 0.466558045599079 0.352016355702735 0.428717415513285 0.401900061217231 0.397752561169316 0.355875567689823 0.387292520930622 0.400340885806901 0.385108559655756 0.345521403115624 0.350764083380559 0.433800730563855 1 0.391405045861909 0.328668655262282 0.411636839066606 0.537112372899582 0.309125415282026 0.457954917205122
"TRV.Adjusted" 0.402070315979283 0.399315158781396 0.404172141620691 0.377239083696801 0.3983652293238 0.456752183039423 0.430647605706068 0.408413254808436 0.399580262603312 0.374104466126691 0.417518779061847 0.381719036765592 0.411176164262331 0.457313056800054 0.404690231075612 0.338624923588536 0.461566381167357 0.373002785437353 0.344689916632443 0.396345433742273 0.373928825352185 0.381322466342695 0.391405045861909 1 0.316927301614808 0.441626890009221 0.367564668003953 0.346604806863819 0.408568555067669
"UNH.Adjusted" 0.317457061522269 0.347033368508901 0.336774422723605 0.3330308628089 0.36736948003197 0.367794236598469 0.33817484678887 0.362254576969066 0.294140155138665 0.342067267906914 0.374860947889286 0.314209513971544 0.369114967478522 0.331007222910753 0.339841485798035 0.299915581188017 0.348968401294146 0.36409827539273 0.303660047218408 0.308830200705497 0.362293570195136 0.286751217992822 0.328668655262282 0.316927301614808 1 0.387623075089636 0.259853394636371 0.23772140924695 0.398794472565125
"UTX.Adjusted" 0.474588573156445 0.550852237991892 0.589804781651144 0.462473177776352 0.490763714398854 0.552731547758415 0.530902377850752 0.533243920345435 0.377458966280534 0.421901380998877 0.512867444041396 0.422013730359527 0.448715522740248 0.449671604197837 0.43733899562842 0.381043297253913 0.573137249588046 0.414551594559892 0.441672584170079 0.449234944443776 0.397096420644471 0.411540783135959 0.411636839066606 0.441626890009221 0.387623075089636 1 0.386898754505658 0.353536151010962 0.499422102225305
"VZ.Adjusted" 0.338280667790349 0.321717280749275 0.354696559650152 0.30799340262159 0.38415926411334 0.399056275125135 0.369006197748728 0.412009856010106 0.28627112496757 0.316228864638779 0.407543303120254 0.308471849488527 0.41309923144063 0.359644453804998 0.381723845769779 0.329274934962218 0.39036053485611 0.374244458688043 0.328096521401348 0.325707278397407 0.322898335874755 0.400176754255654 0.537112372899582 0.367564668003953 0.259853394636371 0.386898754505658 1 0.316391671833244 0.379149951727417
"WMT.Adjusted" 0.27699274964565 0.27258131359933 0.287190775936019 0.318553765759878 0.316461339346987 0.326162682962376 0.298673736202168 0.323657554304762 0.211071531788037 0.34583369500057 0.301971644637621 0.298420070855803 0.339411537447033 0.26300736531877 0.325317889400489 0.34069983053773 0.340584341294451 0.3102681037164 0.315331024237835 0.313147690658953 0.277954440202499 0.368531719647055 0.309125415282026 0.346604806863819 0.23772140924695 0.353536151010962 0.316391671833244 1 0.323617012247788
"XOM.Adjusted" 0.411253515766284 0.429894597377424 0.486189676120177 0.40922881826474 0.665120352367306 0.509893647300516 0.444057861279285 0.482312342320932 0.361411564324559 0.371202587894453 0.44680339091818 0.395372432185924 0.446128538222757 0.454516765285996 0.433063226052964 0.35625387082672 0.486368352634636 0.41284769220413 0.439858774420362 0.383265090479963 0.417011541627846 0.41463376153109 0.457954917205122 0.408568555067669 0.398794472565125 0.499422102225305 0.379149951727417 0.323617012247788 1
