"AXP.Adjusted" "BA.Adjusted" "CAT.Adjusted" "CSCO.Adjusted" "CVX.Adjusted" "DD.Adjusted" "DIS.Adjusted" "GE.Adjusted" "GS.Adjusted" "HD.Adjusted" "IBM.Adjusted" "INTC.Adjusted" "JNJ.Adjusted" "JPM.Adjusted" "KO.Adjusted" "MCD.Adjusted" "MMM.Adjusted" "MRK.Adjusted" "MSFT.Adjusted" "NKE.Adjusted" "PFE.Adjusted" "PG.Adjusted" "T.Adjusted" "TRV.Adjusted" "UNH.Adjusted" "UTX.Adjusted" "VZ.Adjusted" "WMT.Adjusted" "XOM.Adjusted"
"AXP.Adjusted" 1 0.327915132536273 0.298089425239439 0.280424469754812 0.36097448478796 0.368216376315581 0.339879989994918 0.360789410014452 0.389838528212737 0.300266007151564 0.323882003530015 0.285522282205705 0.328769521768148 0.388683671646644 0.30768681527503 0.246308983788537 0.419663057614343 0.221609864667711 0.302058771482434 0.297691803020306 0.253958159179413 0.263276785907043 0.273822258880687 0.365980221940736 0.233775632424378 0.36738410398824 0.227816391802709 0.205842121403082 0.361613550968087
"BA.Adjusted" 0.327915132536273 1 0.282977530567217 0.246758525477918 0.275897717289327 0.365000596733737 0.312439608372671 0.321491933409419 0.273064520620367 0.227165913186341 0.277342833629096 0.23299998053256 0.283306758223116 0.261967339589289 0.247498222695429 0.224294308886283 0.403087089812689 0.200978969451344 0.237283420009712 0.251311148858621 0.2334029366421 0.222090548067874 0.185844544327562 0.304042689595106 0.20110461222225 0.434610077975913 0.169204831972573 0.174952085078994 0.297657626155882
"CAT.Adjusted" 0.298089425239439 0.282977530567217 1 0.283647221579322 0.33816044789058 0.405253552030443 0.266530405174641 0.381703143258846 0.363414420836587 0.239932245450854 0.288121575555929 0.303854749393573 0.223748360664299 0.306575902407214 0.198172766108451 0.218245005788032 0.423473932004357 0.167381086904632 0.294400702603605 0.220927735850557 0.195583876407488 0.186102375481942 0.231950564465085 0.290502926663668 0.17832262379423 0.386049877545051 0.16552481004474 0.147779372902151 0.367666823065361
"CSCO.Adjusted" 0.280424469754812 0.246758525477918 0.283647221579322 1 0.285601796398536 0.335974363682803 0.284813077890854 0.316778192498009 0.307569943242225 0.202794457369215 0.328188090784869 0.291122582686984 0.237691977984526 0.27356071428888 0.220467240750149 0.194241491427405 0.346979455183382 0.200495596891534 0.285404014842897 0.214187141405711 0.193736002320726 0.180958216442496 0.183590755029471 0.285244958620848 0.179620479827619 0.327665697338695 0.0957672790352704 0.122992358511613 0.288181377064773
"CVX.Adjusted" 0.36097448478796 0.275897717289327 0.33816044789058 0.285601796398536 1 0.40358027613531 0.315566372609013 0.422251667631899 0.376914512934383 0.227079340591178 0.359260437387105 0.308337707846842 0.371023416120631 0.329555937281789 0.328630708414309 0.242562328644734 0.449681508401657 0.285047398113119 0.300554361193769 0.212560040723075 0.292526374446065 0.3326241324409 0.275594685098418 0.353787427114464 0.231094675849556 0.378539789580832 0.245748390659837 0.199359803037898 0.562179915404105
"DD.Adjusted" 0.368216376315581 0.365000596733737 0.405253552030443 0.335974363682803 0.40358027613531 1 0.368936131645495 0.416992819303512 0.364052789513654 0.274493119159107 0.387640114728769 0.343111641384054 0.364761417025986 0.350109548541705 0.27757846825907 0.233910315294058 0.488275829474181 0.262161055199525 0.335235612563577 0.248998954316754 0.285656337225547 0.240886713464232 0.275882912272979 0.381531805586738 0.213566830100185 0.435359002064148 0.222463456947865 0.19197855861437 0.401324919534995
"DIS.Adjusted" 0.339879989994918 0.312439608372671 0.266530405174641 0.284813077890854 0.315566372609013 0.368936131645495 1 0.362527003217744 0.302250677154671 0.332744813719814 0.303332274104889 0.263075430355165 0.322025674971971 0.311035646345449 0.31689864396426 0.226197956276153 0.421181973512455 0.262657674345145 0.287374424902331 0.283645358534108 0.322013812286334 0.294215205955826 0.304631389735065 0.361625641641307 0.236696226459498 0.362504872347877 0.241600490343231 0.260155488936221 0.341320842624655
"GE.Adjusted" 0.360789410014452 0.321491933409419 0.381703143258846 0.316778192498009 0.422251667631899 0.416992819303512 0.362527003217744 1 0.389890045063158 0.302267413345117 0.357309058761161 0.30381157180447 0.335567430561135 0.402241581884577 0.309372439350958 0.27642438813175 0.465634995852538 0.244989525515954 0.317792179427583 0.240161324162695 0.315809992386026 0.314340269313015 0.310405592590985 0.389348722345228 0.25155812518787 0.37668883227293 0.275076769370572 0.220531386468451 0.417148256549418
"GS.Adjusted" 0.389838528212737 0.273064520620367 0.363414420836587 0.307569943242225 0.376914512934383 0.364052789513654 0.302250677154671 0.389890045063158 1 0.202457256467634 0.338041049375353 0.290886968451739 0.294527467885794 0.537475447188832 0.22265444376229 0.18520668664141 0.396190854883303 0.202974273562011 0.272015082799152 0.233520743733263 0.206048222222277 0.198045792312157 0.241156355304857 0.341474082944546 0.206312725816399 0.344310139175897 0.182158691098214 0.182371256095074 0.370730582397445
"HD.Adjusted" 0.300266007151564 0.227165913186341 0.239932245450854 0.202794457369215 0.227079340591178 0.274493119159107 0.332744813719814 0.302267413345117 0.202457256467634 1 0.272151093447969 0.203599434076681 0.282759115846108 0.225061233585384 0.244007028221837 0.189645711655059 0.336646812300694 0.203293994307554 0.23248841017373 0.237960047085808 0.221258018815189 0.254089204566165 0.211923111240514 0.255588691528576 0.172309038219909 0.315795751854886 0.184529986954594 0.218080601520075 0.306859751258232
"IBM.Adjusted" 0.323882003530015 0.277342833629096 0.288121575555929 0.328188090784869 0.359260437387105 0.387640114728769 0.303332274104889 0.357309058761161 0.338041049375353 0.272151093447969 1 0.337728542232551 0.31633489145242 0.302038187220605 0.282506249223793 0.264350357277991 0.391165009952726 0.212612827789851 0.309905198715504 0.24770773528171 0.231214660172915 0.244860954302091 0.250779386994297 0.332233232333643 0.230742926398751 0.368834990071304 0.223686355680196 0.195206909650693 0.350929232085992
"INTC.Adjusted" 0.285522282205705 0.23299998053256 0.303854749393573 0.291122582686984 0.308337707846842 0.343111641384054 0.263075430355165 0.30381157180447 0.290886968451739 0.203599434076681 0.337728542232551 1 0.244024847369627 0.29475668272238 0.228141850468467 0.198038779104865 0.356293045040013 0.201380659656292 0.312390634646737 0.221638129422605 0.244561113543112 0.146260952846199 0.246929978118838 0.23475003585552 0.137325231870355 0.294468038184339 0.170638502727786 0.116514429100102 0.300530455802176
"JNJ.Adjusted" 0.328769521768148 0.283306758223116 0.223748360664299 0.237691977984526 0.371023416120631 0.364761417025986 0.322025674971971 0.335567430561135 0.294527467885794 0.282759115846108 0.31633489145242 0.244024847369627 1 0.300115323273996 0.332483409870369 0.285408647694573 0.390540499637813 0.340783101118525 0.261625224916186 0.222491749532001 0.398276975478988 0.370888005015948 0.331204365142091 0.343786785470194 0.234602170295299 0.340483236533844 0.281595598018501 0.27606886248959 0.380363464570793
"JPM.Adjusted" 0.388683671646644 0.261967339589289 0.306575902407214 0.27356071428888 0.329555937281789 0.350109548541705 0.311035646345449 0.402241581884577 0.537475447188832 0.225061233585384 0.302038187220605 0.29475668272238 0.300115323273996 1 0.256179983933709 0.186641112153895 0.346987626056714 0.221936807727826 0.263445480814243 0.228482588053791 0.235672645251026 0.201628139946458 0.26474892304057 0.351849790149762 0.248655999561797 0.313428444199878 0.195633243350659 0.170174524882157 0.342059850334402
"KO.Adjusted" 0.30768681527503 0.247498222695429 0.198172766108451 0.220467240750149 0.328630708414309 0.27757846825907 0.31689864396426 0.309372439350958 0.22265444376229 0.244007028221837 0.282506249223793 0.228141850468467 0.332483409870369 0.256179983933709 1 0.250347051281899 0.352527073830571 0.256283595363156 0.221924317937813 0.224694442497563 0.305850060192296 0.356318824862051 0.307256600572065 0.321640672940252 0.180676270375421 0.291354287528623 0.28242660741144 0.270948196730784 0.322778506648061
"MCD.Adjusted" 0.246308983788537 0.224294308886283 0.218245005788032 0.194241491427405 0.242562328644734 0.233910315294058 0.226197956276153 0.27642438813175 0.18520668664141 0.189645711655059 0.264350357277991 0.198038779104865 0.285408647694573 0.186641112153895 0.250347051281899 1 0.284249870914026 0.218824558619931 0.19498596285591 0.238492492751423 0.210988087973886 0.226687932455704 0.214554420254625 0.263390620402255 0.180108317891539 0.249528808428766 0.18986420662623 0.200638627031391 0.244472897384758
"MMM.Adjusted" 0.419663057614343 0.403087089812689 0.423473932004357 0.346979455183382 0.449681508401657 0.488275829474181 0.421181973512455 0.465634995852538 0.396190854883303 0.336646812300694 0.391165009952726 0.356293045040013 0.390540499637813 0.346987626056714 0.352527073830571 0.284249870914026 1 0.298391971224573 0.336185987808606 0.288235200568964 0.345245867874799 0.339241618767797 0.329674962669458 0.407753787633239 0.242053362085169 0.533324320670542 0.242344717395893 0.227003598927467 0.472922034560235
"MRK.Adjusted" 0.221609864667711 0.200978969451344 0.167381086904632 0.200495596891534 0.285047398113119 0.262161055199525 0.262657674345145 0.244989525515954 0.202974273562011 0.203293994307554 0.212612827789851 0.201380659656292 0.340783101118525 0.221936807727826 0.256283595363156 0.218824558619931 0.298391971224573 1 0.181720567918599 0.186340392800039 0.362059233810455 0.316204341644237 0.297206801895646 0.265889931613308 0.160895498653092 0.23749045698887 0.253742797774054 0.196727308891621 0.280134878425222
"MSFT.Adjusted" 0.302058771482434 0.237283420009712 0.294400702603605 0.285404014842897 0.300554361193769 0.335235612563577 0.287374424902331 0.317792179427583 0.272015082799152 0.23248841017373 0.309905198715504 0.312390634646737 0.261625224916186 0.263445480814243 0.221924317937813 0.19498596285591 0.336185987808606 0.181720567918599 1 0.221657522108871 0.225840069311735 0.207191978411298 0.202122159793881 0.257931869853327 0.208777749908415 0.328741522962292 0.157164049122987 0.172997308328832 0.299141019198276
"NKE.Adjusted" 0.297691803020306 0.251311148858621 0.220927735850557 0.214187141405711 0.212560040723075 0.248998954316754 0.283645358534108 0.240161324162695 0.233520743733263 0.237960047085808 0.24770773528171 0.221638129422605 0.222491749532001 0.228482588053791 0.224694442497563 0.238492492751423 0.288235200568964 0.186340392800039 0.221657522108871 1 0.191034119308579 0.159282253671313 0.180096709491235 0.251566675221106 0.146066611569755 0.293674650898366 0.147631525591936 0.145663921756313 0.234081131160187
"PFE.Adjusted" 0.253958159179413 0.2334029366421 0.195583876407488 0.193736002320726 0.292526374446065 0.285656337225547 0.322013812286334 0.315809992386026 0.206048222222277 0.221258018815189 0.231214660172915 0.244561113543112 0.398276975478988 0.235672645251026 0.305850060192296 0.210988087973886 0.345245867874799 0.362059233810455 0.225840069311735 0.191034119308579 1 0.337564290043537 0.27609934069431 0.298740042225645 0.2014588239063 0.267057482177085 0.259546057847857 0.214993380763287 0.312032204953002
"PG.Adjusted" 0.263276785907043 0.222090548067874 0.186102375481942 0.180958216442496 0.3326241324409 0.240886713464232 0.294215205955826 0.314340269313015 0.198045792312157 0.254089204566165 0.244860954302091 0.146260952846199 0.370888005015948 0.201628139946458 0.356318824862051 0.226687932455704 0.339241618767797 0.316204341644237 0.207191978411298 0.159282253671313 0.337564290043537 1 0.291447094901629 0.313020241889887 0.187522620897392 0.272335014222296 0.268466895091913 0.279340764470255 0.319089456346036
"T.Adjusted" 0.273822258880687 0.185844544327562 0.231950564465085 0.183590755029471 0.275594685098418 0.275882912272979 0.304631389735065 0.310405592590985 0.241156355304857 0.211923111240514 0.250779386994297 0.246929978118838 0.331204365142091 0.26474892304057 0.307256600572065 0.214554420254625 0.329674962669458 0.297206801895646 0.202122159793881 0.180096709491235 0.27609934069431 0.291447094901629 1 0.28680160688001 0.156177675447235 0.266591909479239 0.532160511220169 0.25234525689295 0.283963480343764
"TRV.Adjusted" 0.365980221940736 0.304042689595106 0.290502926663668 0.285244958620848 0.353787427114464 0.381531805586738 0.361625641641307 0.389348722345228 0.341474082944546 0.255588691528576 0.332233232333643 0.23475003585552 0.343786785470194 0.351849790149762 0.321640672940252 0.263390620402255 0.407753787633239 0.265889931613308 0.257931869853327 0.251566675221106 0.298740042225645 0.313020241889887 0.28680160688001 1 0.239023071233726 0.377438466929206 0.257717160087526 0.248181742315743 0.363476587455527
"UNH.Adjusted" 0.233775632424378 0.20110461222225 0.17832262379423 0.179620479827619 0.231094675849556 0.213566830100185 0.236696226459498 0.25155812518787 0.206312725816399 0.172309038219909 0.230742926398751 0.137325231870355 0.234602170295299 0.248655999561797 0.180676270375421 0.180108317891539 0.242053362085169 0.160895498653092 0.208777749908415 0.146066611569755 0.2014588239063 0.187522620897392 0.156177675447235 0.239023071233726 1 0.266404230919312 0.156367178968121 0.139368610278186 0.225784132905587
"UTX.Adjusted" 0.36738410398824 0.434610077975913 0.386049877545051 0.327665697338695 0.378539789580832 0.435359002064148 0.362504872347877 0.37668883227293 0.344310139175897 0.315795751854886 0.368834990071304 0.294468038184339 0.340483236533844 0.313428444199878 0.291354287528623 0.249528808428766 0.533324320670542 0.23749045698887 0.328741522962292 0.293674650898366 0.267057482177085 0.272335014222296 0.266591909479239 0.377438466929206 0.266404230919312 1 0.218741674761811 0.216521860439995 0.364276171401918
"VZ.Adjusted" 0.227816391802709 0.169204831972573 0.16552481004474 0.0957672790352704 0.245748390659837 0.222463456947865 0.241600490343231 0.275076769370572 0.182158691098214 0.184529986954594 0.223686355680196 0.170638502727786 0.281595598018501 0.195633243350659 0.28242660741144 0.18986420662623 0.242344717395893 0.253742797774054 0.157164049122987 0.147631525591936 0.259546057847857 0.268466895091913 0.532160511220169 0.257717160087526 0.156367178968121 0.218741674761811 1 0.247614124508939 0.228668222735969
"WMT.Adjusted" 0.205842121403082 0.174952085078994 0.147779372902151 0.122992358511613 0.199359803037898 0.19197855861437 0.260155488936221 0.220531386468451 0.182371256095074 0.218080601520075 0.195206909650693 0.116514429100102 0.27606886248959 0.170174524882157 0.270948196730784 0.200638627031391 0.227003598927467 0.196727308891621 0.172997308328832 0.145663921756313 0.214993380763287 0.279340764470255 0.25234525689295 0.248181742315743 0.139368610278186 0.216521860439995 0.247614124508939 1 0.214789866717323
"XOM.Adjusted" 0.361613550968087 0.297657626155882 0.367666823065361 0.288181377064773 0.562179915404105 0.401324919534995 0.341320842624655 0.417148256549418 0.370730582397445 0.306859751258232 0.350929232085992 0.300530455802176 0.380363464570793 0.342059850334402 0.322778506648061 0.244472897384758 0.472922034560235 0.280134878425222 0.299141019198276 0.234081131160187 0.312032204953002 0.319089456346036 0.283963480343764 0.363476587455527 0.225784132905587 0.364276171401918 0.228668222735969 0.214789866717323 1
